0.0
0.0
0.0
0.0
0.0
0.0
0.0
0.0
0.0
0.0
0.0
0.0
0.0
0.0
0.0
0.0
0.0
0.0
0.0
0.0
0.0
0.0
0.0
0.0
0.0
0.0
0.0
0.0
0.0
0.0
0.0
0.0
0.0
0.0
0.0
0.0
0.0
0.0
0.0
0.0
0.0
0.0
0.0
0.0
0.0
0.0
0.0
0.0
0.0
0.0
0.0
0.0
0.0
0.0
0.0
0.0
0.0
0.0
0.0
0.0
0.0
0.0
0.0
0.0
0.0
0.0
0.0
0.0
0.0
0.0
0.0
0.0
0.0
0.0
0.0
0.0
0.0
0.0
0.0
0.0
0.0
0.0
0.0
0.0
0.0
0.0
0.0
0.0
0.0
0.0
0.0
0.0
0.0
0.0
0.0
0.0
0.0
0.0
0.0
0.0
0.0
0.0
0.0
0.0
0.0
0.0
0.0
0.0
0.0
0.0
0.0
0.0
0.0
0.0
0.0
0.0
0.0
0.0
0.0
0.0
0.0
0.0
0.0
0.0
0.0
0.0
0.0
0.0
0.0
0.0
0.0
0.0
0.0
0.0
0.0
0.0
0.0
0.0
0.0
0.0
0.0
0.0
0.0
0.0
0.0
0.0
0.0
0.0
0.0
0.0
0.0
0.0
0.0
0.0
0.0
0.0
0.0
0.0
0.0
0.0
0.0
0.0
0.0
0.0
0.0
0.0
0.0
0.0
0.0
0.0
0.0
0.0
0.0
0.0
0.0
0.0
0.0
0.0
0.0
0.0
0.0
0.0
0.0
0.0
0.0
0.0
0.0
0.0
0.0
0.0
0.0
0.0
0.0
0.0
0.0
0.0
0.0
0.0
0.0
0.0
0.0
0.0
0.0
0.0
0.0
0.0
0.0
0.0
0.0
0.0
0.0
0.0
0.0
0.0
0.0
0.0
0.0
0.0
0.0
0.0
0.0
0.0
0.0
0.0
0.0
0.0
0.0
0.0
0.0
0.0
0.0
0.0
0.0
0.0
0.0
0.0
0.0
0.0
0.0
0.0
0.0
0.0
0.0
0.0
0.0
0.0
0.0
0.0
0.0
0.0
0.0
0.0
0.0
0.0
0.0
0.0
0.0
0.0
0.0
0.0
0.0
0.0
0.0
0.0
0.0
0.0
0.0
0.0
0.0
0.0
0.0
0.0
0.0
0.0
0.0
0.0
0.0
0.0
0.0
0.0
0.0
0.0
0.0
0.0
0.0
0.0
0.0
0.0
0.0
0.0
0.0
0.0
0.0
0.0
0.0
0.0
0.0
0.0
0.0
0.0
0.0
0.0
0.0
0.0
0.0
0.0
0.0
0.0
0.0
0.0
0.0
0.0
0.0
0.0
0.0
0.0
0.0
0.0
0.0
0.0
0.0
0.0
0.0
0.0
0.0
0.0
0.0
0.0
0.0
0.0
0.0
0.0
0.0
0.0
0.0
0.0
0.0
0.0
0.0
0.0
0.0
0.0
0.0
0.0
0.0
0.0
0.0
0.0
0.0
0.0
0.0
0.0
0.0
0.0
0.0
0.0
0.0
0.0
0.0
0.0
0.0
0.0
0.0
0.0
0.0
0.0
0.0
0.0
0.0
0.0
0.0
0.0
0.0
0.0
0.0
0.0
0.0
0.0
0.0
0.0
0.0
0.0
0.0
0.0
0.0
0.0
0.0
0.0
0.0
0.0
0.0
0.0
0.0
0.0
0.0
0.0
0.0
0.0
0.0
0.0
0.0
0.0
0.0
0.0
0.0
0.0
0.0
0.0
0.0
0.0
0.0
0.0
0.0
0.0
0.0
0.0
0.0
0.0
0.0
0.0
0.0
0.0
0.0
0.0
0.0
0.0
0.0
0.0
0.0
0.0
0.0
0.0
0.0
0.0
0.0
0.0
0.0
0.0
0.0
0.0
0.0
0.0
0.0
0.0
0.0
0.0
0.0
0.0
0.0
0.0
0.0
0.0
0.0
0.0
0.0
0.0
0.0
0.0
0.0
0.0
0.0
0.0
0.0
0.0
0.0
0.0
0.0
0.0
0.0
0.0
0.0
0.0
0.0
0.0
0.0
0.0
0.0
0.0
0.0
0.0
0.0
0.0
0.0
0.0
0.0
0.0
0.0
0.0
0.0
0.0
0.0
0.0
0.0
0.0
0.0
0.0
0.0
0.0
0.0
0.0
0.0
0.0
0.0
0.0
0.0
0.0
0.0
0.0
0.0
0.0
0.0
0.0
0.0
0.0
0.0
0.0
0.0
0.0
0.0
0.0
0.0
0.0
0.0
0.0
0.0
0.0
0.0
0.0
0.0
0.0
0.0
0.0
0.0
0.0
0.0
0.0
0.0
0.0
0.0
0.0
0.0
0.0
0.0
0.0
0.0
0.0
0.0
0.0
0.0
0.0
0.0
0.0
0.0
0.0
0.0
0.0
0.0
0.0
0.0
0.0
0.0
0.0
0.0
0.0
0.0
0.0
0.0
0.0
0.0
0.0
0.0
0.0
0.0
0.0
0.0
0.0
0.0
0.0
0.0
0.0
0.0
0.0
0.0
0.0
0.0
0.0
0.0
0.0
0.0
0.0
0.0
0.0
0.0
0.0
0.0
0.0
0.0
0.0
0.0
0.0
0.0
0.0
0.0
0.0
0.0
0.0
0.0
0.0
0.0
0.0
0.0
0.0
0.0
0.0
0.0
0.0
0.0
0.0
0.0
0.0
0.0
0.0
0.0
0.0
0.0
0.0
0.0
0.0
0.0
0.0
0.0
0.0
0.0
0.0
0.0
0.0
0.0
0.0
0.0
0.0
0.0
0.0
0.0
0.0
0.0
0.0
0.0
0.0
0.0
0.0
0.0
0.0
0.0
0.0
0.0
0.0
0.0
0.0
0.0
0.0
0.0
0.0
0.0
0.0
0.0
0.0
0.0
0.0
0.0
0.0
0.0
0.0
0.0
0.0
0.0
0.0
0.0
0.0
0.0
0.0
0.0
0.0
0.0
0.0
0.0
0.0
0.0
0.0
0.0
0.0
0.0
0.0
0.0
0.0
0.0
0.0
0.0
0.0
0.0
0.0
0.0
0.0
0.0
0.0
0.0
0.0
0.0
0.0
0.0
0.0
0.0
0.0
0.0
0.0
0.0
0.0
0.0
0.0
0.0
0.0
0.0
0.0
0.0
0.0
0.0
0.0
0.0
0.0
0.0
0.0
0.0
0.0
0.0
0.0
0.0
0.0
0.0
0.0
0.0
0.0
0.0
0.0
0.0
0.0
0.0
0.0
0.0
0.0
0.0
0.0
0.0
0.0
0.0
0.0
0.0
0.0
0.0
0.0
0.0
0.0
0.0
0.0
0.0
0.0
0.0
0.0
0.0
0.0
0.0
0.0
0.0
0.0
0.0
0.0
0.0
0.0
0.0
0.0
0.0
0.0
0.0
0.0
0.0
0.0
0.0
0.0
0.0
0.0
0.0
0.0
0.0
0.0
0.0
0.0
0.0
0.0
0.0
0.0
0.0
0.0
0.0
0.0
0.0
0.0
0.0
0.0
0.0
0.0
0.0
0.0
0.0
0.0
0.0
0.0
0.0
0.0
0.0
0.0
0.0
0.0
0.0
0.0
0.0
0.0
0.0
0.0
0.0
0.0
0.0
0.0
0.0
0.0
0.0
0.0
0.0
0.0
0.0
0.0
0.0
0.0
0.0
0.0
0.0
0.0
0.0
0.0
0.0
0.0
0.0
0.0
0.0
0.0
0.0
0.0
0.0
0.0
0.0
0.0
0.0
0.0
0.0
0.0
0.0
0.0
0.0
0.0
0.0
0.0
0.0
0.0
0.0
0.0
0.0
0.0
0.0
0.0
0.0
0.0
0.0
0.0
0.0
0.0
0.0
0.0
0.0
0.0
0.0
0.0
0.0
0.0
0.0
0.0
0.0
0.0
0.0
0.0
0.0
0.0
0.0
0.0
0.0
0.0
0.0
0.0
0.0
0.0
0.0
0.0
0.0
0.0
0.0
0.0
0.0
0.0
0.0
0.0
0.0
0.0
0.0
0.0
0.0
0.0
0.0
0.0
0.0
0.0
0.0
0.0
0.0
0.0
0.0
0.0
0.0
0.0
0.0
0.0
0.0
0.0
0.0
0.0
0.0
0.0
0.0
0.0
0.0
0.0
0.0
0.0
0.0
0.0
0.0
0.0
0.0
0.0
0.0
0.0
0.0
0.0
0.0
0.0
0.0
0.0
0.0
0.0
0.0
0.0
0.0
0.0
0.0
0.0
0.0
0.0
0.0
0.0
0.0
0.0
0.0
0.0
0.0
0.0
0.0
0.0
0.0
0.0
0.0
0.0
0.0
0.0
0.0
0.0
0.0
0.0
0.0
0.0
0.0
0.0
0.0
0.0
0.0
0.0
0.0
0.0
0.0
0.0
0.0
0.0
0.0
0.0
0.0
0.0
0.0
0.0
0.0
0.0
0.0
0.0
0.0
0.0
0.0
0.0
0.0
0.0
0.0
0.0
0.0
0.0
0.0
0.0
0.0
0.0
0.0
0.0
0.0
0.0
0.0
0.0
0.0
0.0
0.0
0.0
0.0
0.0
0.0
0.0
0.0
0.0
0.0
0.0
0.0
0.0
0.0
0.0
0.0
0.0
0.0
0.0
0.0
0.0
0.0
0.0
0.0
0.0
0.0
0.0
0.0
0.0
0.0
0.0
0.0
0.0
0.0
0.0
0.0
0.0
0.0
0.0
0.0
0.0
0.0
0.0
0.0
0.0
0.0
0.0
0.0
0.0
0.0
0.0
0.0
0.0
0.0
0.0
0.0
0.0
0.0
0.0
0.0
0.0
0.0
0.0
0.0
0.0
0.0
0.0
0.0
0.0
0.0
0.0
0.0
0.0
0.0
0.0
0.0
0.0
0.0
0.0
0.0
0.0
0.0
0.0
0.0
0.0
0.0
0.0
0.0
0.0
0.0
0.0
0.0
0.0
0.0
0.0
0.0
0.0
0.0
0.0
0.0
0.0
0.0
0.0
0.0
0.0
0.0
0.0
0.0
0.0
0.0
0.0
0.0
0.0
0.0
0.0
0.0
0.0
0.0
0.0
0.0
0.0
0.0
0.0
0.0
0.0
0.0
0.0
0.0
0.0
0.0
0.0
0.0
0.0
0.0
0.0
0.0
0.0
0.0
0.0
0.0
0.0
0.0
0.0
0.0
0.0
0.0
0.0
0.0
0.0
0.0
0.0
0.0
0.0
0.0
0.0
0.0
0.0
0.0
0.0
0.0
0.0
0.0
0.0
0.0
0.0
0.0
0.0
0.0
0.0
0.0
0.0
0.0
0.0
0.0
0.0
0.0
0.0
0.0
0.0
0.0
0.0
0.0
0.0
0.0
0.0
0.0
0.0
0.0
0.0
0.0
0.0
0.0
0.0
0.0
0.0
0.0
0.0
0.0
0.0
0.0
0.0
0.0
0.0
0.0
0.0
0.0
0.0
0.0
0.0
0.0
0.0
0.0
0.0
0.0
0.0
0.0
0.0
0.0
0.0
0.0
0.0
0.0
0.0
0.0
0.0
0.0
0.0
0.0
0.0
0.0
0.0
0.0
0.0
0.0
0.0
0.0
0.0
0.0
0.0
0.0
0.0
0.0
0.0
0.0
0.0
0.0
0.0
0.0
0.0
0.0
0.0
0.0
0.0
0.0
0.0
0.0
0.0
0.0
0.0
0.0
0.0
0.0
0.0
0.0
0.0
0.0
0.0
0.0
0.0
0.0
0.0
0.0
0.0
0.0
0.0
0.0
0.0
0.0
0.0
0.0
0.0
0.0
0.0
0.0
0.0
0.0
0.0
0.0
0.0
0.0
0.0
0.0
0.0
0.0
0.0
0.0
0.0
0.0
0.0
0.0
0.0
0.0
0.0
0.0
0.0
0.0
0.0
0.0
0.0
0.0
0.0
0.0
0.0
0.0
0.0
0.0
0.0
0.0
0.0
0.0
0.0
0.0
0.0
0.0
0.0
0.0
0.0
0.0
0.0
0.0
0.0
0.0
0.0
0.0
0.0
0.0
0.0
0.0
0.0
0.0
0.0
0.0
0.0
0.0
0.0
0.0
0.0
0.0
0.0
0.0
0.0
0.0
0.0
0.0
0.0
0.0
0.0
0.0
0.0
0.0
0.0
0.0
0.0
0.0
0.0
0.0
0.0
0.0
0.0
0.0
0.0
0.0
0.0
0.0
0.0
0.0
0.0
0.0
0.0
0.0
0.0
0.0
0.0
0.0
0.0
0.0
0.0
0.0
0.0
0.0
0.0
0.0
0.0
0.0
0.0
0.0
0.0
0.0
0.0
0.0
0.0
0.0
0.0
0.0
0.0
0.0
0.0
0.0
0.0
0.0
0.0
0.0
0.0
0.0
0.0
0.0
0.0
0.0
0.0
0.0
0.0
0.0
0.0
0.0
0.0
0.0
0.0
0.0
0.0
0.0
0.0
0.0
0.0
0.0
0.0
0.0
0.0
0.0
0.0
0.0
0.0
0.0
0.0
0.0
0.0
0.0
0.0
0.0
0.0
0.0
0.0
0.0
0.0
0.0
0.0
0.0
0.0
0.0
0.0
0.0
0.0
0.0
0.0
0.0
0.0
0.0
0.0
0.0
0.0
0.0
0.0
0.0
0.0
0.0
0.0
0.0
0.0
0.0
0.0
0.0
0.0
0.0
0.0
0.0
0.0
0.0
0.0
0.0
0.0
0.0
0.0
0.0
0.0
0.0
0.0
0.0
0.0
0.0
0.0
0.0
0.0
0.0
0.0
0.0
0.0
0.0
0.0
0.0
0.0
0.0
0.0
0.0
0.0
0.0
0.0
0.0
0.0
0.0
0.0
0.0
0.0
0.0
0.0
0.0
0.0
0.0
0.0
0.0
0.0
0.0
0.0
0.0
0.0
0.0
0.0
0.0
0.0
0.0
0.0
0.0
0.0
0.0
0.0
0.0
0.0
0.0
0.0
0.0
0.0
0.0
0.0
0.0
0.0
0.0
0.0
0.0
0.0
0.0
0.0
0.0
0.0
0.0
0.0
0.0
0.0
0.0
0.0
0.0
0.0
0.0
0.0
0.0
0.0
0.0
0.0
0.0
0.0
0.0
0.0
0.0
0.0
0.0
0.0
0.0
0.0
0.0
0.0
0.0
0.0
0.0
0.0
0.0
0.0
0.0
0.0
0.0
0.0
0.0
0.0
0.0
0.0
0.0
0.0
0.0
0.0
0.0
0.0
0.0
0.0
0.0
0.0
0.0
0.0
0.0
0.0
0.0
0.0
0.0
0.0
0.0
0.0
0.0
0.0
0.0
0.0
0.0
0.0
0.0
0.0
0.0
0.0
0.0
0.0
0.0
0.0
0.0
0.0
0.0
0.0
0.0
0.0
0.0
0.0
0.0
0.0
0.0
0.0
0.0
0.0
0.0
0.0
0.0
0.0
0.0
0.0
0.0
0.0
0.0
0.0
0.0
0.0
0.0
0.0
0.0
0.0
0.0
0.0
0.0
0.0
0.0
0.0
0.0
0.0
0.0
0.0
0.0
0.0
0.0
0.0
0.0
0.0
0.0
0.0
0.0
0.0
0.0
0.0
0.0
0.0
0.0
0.0
0.0
0.0
0.0
0.0
0.0
0.0
0.0
0.0
0.0
0.0
0.0
0.0
0.0
0.0
0.0
0.0
0.0
0.0
0.0
0.0
0.0
0.0
0.0
0.0
0.0
0.0
0.0
0.0
0.0
0.0
0.0
0.0
0.0
0.0
0.0
0.0
0.0
0.0
0.0
0.0
0.0
0.0
0.0
0.0
0.0
0.0
0.0
0.0
0.0
0.0
0.0
0.0
0.0
0.0
0.0
0.0
0.0
0.0
0.0
0.0
0.0
0.0
0.0
0.0
0.0
0.0
0.0
0.0
0.0
0.0
0.0
0.0
0.0
0.0
0.0
0.0
0.0
0.0
0.0
0.0
0.0
0.0
0.0
0.0
0.0
0.0
0.0
0.0
0.0
0.0
0.0
0.0
0.0
0.0
0.0
0.0
0.0
0.0
0.0
0.0
0.0
0.0
0.0
0.0
0.0
0.0
0.0
0.0
0.0
0.0
0.0
0.0
0.0
0.0
0.0
0.0
0.0
0.0
0.0
0.0
0.0
0.0
0.0
0.0
0.0
0.0
0.0
0.0
0.0
0.0
0.0
0.0
0.0
0.0
0.0
0.0
0.0
0.0
0.0
0.0
0.0
0.0
0.0
0.0
0.0
0.0
0.0
0.0
0.0
0.0
0.0
0.0
0.0
0.0
0.0
0.0
0.0
0.0
0.0
0.0
0.0
0.0
0.0
0.0
0.0
0.0
0.0
0.0
0.0
0.0
0.0
0.0
0.0
0.0
0.0
0.0
0.0
0.0
0.0
0.0
0.0
0.0
0.0
0.0
0.0
0.0
0.0
0.0
0.0
0.0
0.0
0.0
0.0
0.0
0.0
0.0
0.0
0.0
0.0
0.0
0.0
0.0
0.0
0.0
0.0
0.0
0.0
0.0
0.0
0.0
0.0
0.0
0.0
0.0
0.0
0.0
0.0
0.0
0.0
0.0
0.0
0.0
0.0
0.0
0.0
0.0
0.0
0.0
0.0
0.0
0.0
0.0
0.0
0.0
0.0
0.0
0.0
0.0
0.0
0.0
0.0
0.0
0.0
0.0
0.0
0.0
0.0
0.0
0.0
0.0
0.0
0.0
0.0
0.0
0.0
0.0
0.0
0.0
0.0
0.0
0.0
0.0
0.0
0.0
0.0
0.0
0.0
0.0
0.0
0.0
0.0
0.0
0.0
0.8413386940956116
0.8400570750236511
0.8387544751167297
0.8374320268630981
0.8360897898674011
0.834727942943573
0.8333470821380615
0.8319469094276428
0.8305292725563049
0.8290941119194031
0.8276422023773193
0.8261739015579224
0.824689507484436
0.823191225528717
0.8216790556907654
0.8201535940170288
0.8186159133911133
0.8170660734176636
0.8155063986778259
0.8139369487762451
0.8123589754104614
0.8107728958129883
0.8091791272163391
0.8075798749923706
0.805975615978241
0.8043668270111084
0.8027543425559998
0.8011382818222046
0.7995212078094482
0.7979025840759277
0.7962833642959595
0.7946644425392151
0.7930454015731812
0.7914285063743591
0.7898135781288147
0.7882010340690613
0.7865914106369019
0.7849842309951782
0.7833816409111023
0.7817832231521606
0.7801892161369324
0.7785999178886414
0.7770148515701294
0.7754355669021606
0.7738617062568665
0.7722933292388916
0.7707304954528809
0.7691725492477417
0.7676208019256592
0.7660750150680542
0.7645347714424133
0.7630001306533813
0.7614704966545105
0.7599471807479858
0.7584290504455566
0.7569164037704468
0.7554088234901428
0.7539058327674866
0.7524083256721497
0.7509157061576843
0.7494277954101562
0.7479442954063416
0.7464643716812134
0.7449893951416016
0.7435184717178345
0.7420513033866882
0.7405878305435181
0.7391273379325867
0.7376705408096313
0.736217200756073
0.734766960144043
0.7333195209503174
0.7318738698959351
0.7304319143295288
0.7289924025535583
0.7275550365447998
0.7261201739311218
0.7246864438056946
0.7232556343078613
0.7218265533447266
0.7203993797302246
0.7189739942550659
0.7175494432449341
0.7161272168159485
0.7147064805030823
0.7132871747016907
0.7118683457374573
0.7104518413543701
0.7090364694595337
0.7076223492622375
0.7062094807624817
0.7047976851463318
0.7033865451812744
0.7019770741462708
0.700568675994873
0.6991614103317261
0.6977546811103821
0.6963495016098022
0.6949455142021179
0.6935428977012634
0.6921409964561462
0.6907396912574768
0.6893400549888611
0.6879417896270752
0.6865444779396057
0.6851482391357422
0.6837528347969055
0.6823590993881226
0.6809666156768799
0.6795752644538879
0.6781854033470154
0.6767960786819458
0.6754088401794434
0.674022912979126
0.6726381778717041
0.6712552309036255
0.6698728203773499
0.6684926152229309
0.6671139597892761
0.6657366156578064
0.6643611192703247
0.6629865169525146
0.6616141200065613
0.6602434515953064
0.6588743925094604
0.657507061958313
0.6561407446861267
0.6547769904136658
0.6534150838851929
0.6520548462867737
0.6506964564323425
0.6493394374847412
0.6479849219322205
0.646632194519043
0.6452815532684326
0.6439329385757446
0.6425855755805969
0.6412408947944641
0.6398983001708984
0.6385577321052551
0.6372191905975342
0.6358820796012878
0.6345478892326355
0.6332155466079712
0.6318855881690979
0.6305577754974365
0.6292315125465393
0.6279078125953674
0.6265866160392761
0.6252674460411072
0.6239506602287292
0.6226353645324707
0.6213229298591614
0.6200128197669983
0.6187049746513367
0.6173993945121765
0.6160954833030701
0.6147944331169128
0.6134957075119019
0.6121992468833923
0.6109051704406738
0.6096126437187195
0.6083231568336487
0.6070358753204346
0.6057509183883667
0.6044684648513794
0.6031875014305115
0.6019096970558167
0.6006340384483337
0.5993605852127075
0.5980896949768066
0.5968204736709595
0.595553994178772
0.594290018081665
0.5930283069610596
0.5917689204216003
0.5905112624168396
0.5892563462257385
0.588003933429718
0.5867537260055542
0.5855057239532471
0.584259569644928
0.5830163359642029
0.5817751288414001
0.5805363655090332
0.5792999267578125
0.578065037727356
0.5768330693244934
0.5756033062934875
0.5743758082389832
0.5731505751609802
0.5719268918037415
0.5707061290740967
0.5694876313209534
0.5682711601257324
0.5670569539070129
0.5658445358276367
0.5646347403526306
0.5634271502494812
0.5622217059135437
0.5610185265541077
0.5598167777061462
0.558617889881134
0.557421088218689
0.5562264323234558
0.5550339221954346
0.5538429021835327
0.5526546835899353
0.5514684319496155
0.5502842664718628
0.5491023063659668
0.5479218363761902
0.5467439889907837
0.5455682277679443
0.5443944334983826
0.5432227253913879
0.5420525670051575
0.5408849120140076
0.5397194027900696
0.5385557413101196
0.5373942255973816
0.5362340807914734
0.5350764989852905
0.5339208841323853
0.5327672958374023
0.5316157341003418
0.5304653644561768
0.5293177366256714
0.528171956539154
0.5270281434059143
0.5258862972259521
0.5247457027435303
0.5236076712608337
0.5224714875221252
0.5213373303413391
0.5202049612998962
0.5190739631652832
0.517945408821106
0.5168187022209167
0.5156939029693604
0.514570951461792
0.5134492516517639
0.5123299956321716
0.5112126469612122
0.5100969672203064
0.5089826583862305
0.5078707337379456
0.5067607164382935
0.5056523680686951
0.5045458674430847
0.5034411549568176
0.5023376941680908
0.501236617565155
0.5001372694969177
0.4990397095680237
0.4979434311389923
0.4968494474887848
0.4957571029663086
0.4946666657924652
0.49357786774635315
0.49249088764190674
0.49140504002571106
0.49032145738601685
0.4892396628856659
0.4881596863269806
0.4870806932449341
0.48600414395332336
0.4849291443824768
0.4838559329509735
0.4827842712402344
0.4817144572734833
0.48064592480659485
0.479579359292984
0.4785146415233612
0.47745153307914734
0.4763895869255066
0.47532981634140015
0.4742717444896698
0.4732153117656708
0.47216057777404785
0.47110751271247864
0.4700555205345154
0.4690057337284088
0.4679574966430664
0.4669109582901001
0.4658656716346741
0.464822381734848
0.46378079056739807
0.46274080872535706
0.4617024064064026
0.46066513657569885
0.4596301317214966
0.4585965871810913
0.45756471157073975
0.45653435587882996
0.45550525188446045
0.45447802543640137
0.4534526765346527
0.45242878794670105
0.45140647888183594
0.45038533210754395
0.4493662118911743
0.4483487010002136
0.4473327696323395
0.4463184177875519
0.44530510902404785
0.44429391622543335
0.4432843327522278
0.442276269197464
0.44126978516578674
0.440264493227005
0.43926098942756653
0.4382593035697937
0.43725907802581787
0.4362604022026062
0.4352627694606781
0.43426722288131714
0.4332733154296875
0.4322807788848877
0.4312898814678192
0.4303000867366791
0.42931225895881653
0.42832598090171814
0.42734116315841675
0.42635807394981384
0.4253757894039154
0.4243956506252289
0.42341718077659607
0.4224400818347931
0.4214645028114319
0.420490026473999
0.4195175766944885
0.418546587228775
0.41757723689079285
0.41660913825035095
0.41564232110977173
0.4146774113178253
0.4137140214443207
0.4127521514892578
0.4117918312549591
0.4108325242996216
0.40987512469291687
0.4089193046092987
0.40796494483947754
0.40701207518577576
0.4060603678226471
0.4051104784011841
0.40416210889816284
0.40321528911590576
0.4022698700428009
0.401325523853302
0.40038323402404785
0.3994423449039459
0.39850297570228577
0.3975650370121002
0.39662817120552063
0.39569321274757385
0.3947597146034241
0.3938277065753937
0.39289721846580505
0.3919677734375
0.391040176153183
0.39011409878730774
0.38918954133987427
0.38826632499694824
0.38734421133995056
0.38642406463623047
0.38550522923469543
0.38458797335624695
0.3836720585823059
0.3827572762966156
0.3818443715572357
0.38093292713165283
0.3800230026245117
0.37911438941955566
0.37820690870285034
0.3773012161254883
0.3763970136642456
0.3754942715167999
0.37459295988082886
0.37369272112846375
0.3727943003177643
0.37189731001853943
0.37100180983543396
0.37010765075683594
0.3692145347595215
0.36832332611083984
0.3674335479736328
0.3665451407432556
0.36565810441970825
0.3647722601890564
0.3638882040977478
0.36300548911094666
0.3621242642402649
0.36124444007873535
0.3603655695915222
0.3594886362552643
0.3586130142211914
0.35773876309394836
0.3568660616874695
0.3559942841529846
0.3551243245601654
0.3542557954788208
0.3533886671066284
0.35252252221107483
0.3516581654548645
0.350795179605484
0.34993356466293335
0.34907349944114685
0.3482148051261902
0.34735703468322754
0.3465009927749634
0.34564635157585144
0.3447932004928589
0.34394094347953796
0.3430905342102051
0.342241495847702
0.34139373898506165
0.3405474126338959
0.33970245718955994
0.3388584852218628
0.33801624178886414
0.3371754288673401
0.3363359868526459
0.33549749851226807
0.3346606492996216
0.3338252305984497
0.33299121260643005
0.3321584463119507
0.3313271999359131
0.33049678802490234
0.3296681344509125
0.3288409113883972
0.32801491022109985
0.3271898627281189
0.3263665735721588
0.32554468512535095
0.324724018573761
0.32390475273132324
0.32308679819107056
0.3222697675228119
0.3214544951915741
0.3206404447555542
0.3198278248310089
0.31901615858078003
0.3182060420513153
0.3173973858356476
0.31658992171287537
0.31578385829925537
0.3149791359901428
0.3141752779483795
0.31337305903434753
0.3125722110271454
0.31177252531051636
0.3109739124774933
0.31017690896987915
0.3093811571598053
0.30858680605888367
0.30779361724853516
0.30700138211250305
0.30621084570884705
0.30542153120040894
0.3046334385871887
0.3038467466831207
0.303060919046402
0.30227670073509216
0.30149370431900024
0.300711989402771
0.2999315857887268
0.29915204644203186
0.2983741760253906
0.2975974380970001
0.29682213068008423
0.2960478663444519
0.2952745854854584
0.29450294375419617
0.2937324643135071
0.2929632365703583
0.29219529032707214
0.2914281487464905
0.29066264629364014
0.2898982763290405
0.28913530707359314
0.2883734703063965
0.2876124382019043
0.28685304522514343
0.28609487414360046
0.28533780574798584
0.28458210825920105
0.28382715582847595
0.2830737233161926
0.2823215425014496
0.28157055377960205
0.2808207869529724
0.28007185459136963
0.27932441234588623
0.27857813239097595
0.27783316373825073
0.2770892381668091
0.27634620666503906
0.2756047248840332
0.2748643457889557
0.27412521839141846
0.27338719367980957
0.27265000343322754
0.2719142735004425
0.271179735660553
0.2704463303089142
0.26971420645713806
0.2689826488494873
0.26825276017189026
0.26752397418022156
0.266796350479126
0.26606979966163635
0.26534411311149597
0.2646198570728302
0.26389673352241516
0.2631746530532837
0.2624538540840149
0.2617337107658386
0.2610151171684265
0.26029762625694275
0.25958117842674255
0.2588658630847931
0.2581513822078705
0.2574382722377777
0.25672629475593567
0.2560153901576996
0.25530552864074707
0.2545965015888214
0.253888875246048
0.2531823217868805
0.25247690081596375
0.2517724931240082
0.2510688900947571
0.2503666579723358
0.24966546893119812
0.24896542727947235
0.24826636910438538
0.2475680708885193
0.24687115848064423
0.24617527425289154
0.24548043310642242
0.24478639662265778
0.24409370124340057
0.24340201914310455
0.24271142482757568
0.24202188849449158
0.24133329093456268
0.24064543843269348
0.2399589717388153
0.23927348852157593
0.23858903348445892
0.23790527880191803
0.23722289502620697
0.23654145002365112
0.23586110770702362
0.2351817637681961
0.23450344800949097
0.2338257133960724
0.23314934968948364
0.23247404396533966
0.23179955780506134
0.23112590610980988
0.23045353591442108
0.2297821044921875
0.2291116714477539
0.2284422218799591
0.22777371108531952
0.22710588574409485
0.22643934190273285
0.22577379643917084
0.22510921955108643
0.22444522380828857
0.22378253936767578
0.2231208235025406
0.22246001660823822
0.22180022299289703
0.22114132344722748
0.22048307955265045
0.21982607245445251
0.2191700041294098
0.21851487457752228
0.2178603559732437
0.21720705926418304
0.2165547013282776
0.21590329706668854
0.21525278687477112
0.21460318565368652
0.2139541655778885
0.21330644190311432
0.2126595824956894
0.2120136320590973
0.21136826276779175
0.2107241451740265
0.2100808173418045
0.2094384878873825
0.20879700779914856
0.20815643668174744
0.2075164020061493
0.20687758922576904
0.20623965561389923
0.20560257136821747
0.20496612787246704
0.20433072745800018
0.20369628071784973
0.20306269824504852
0.20242998003959656
0.20179806649684906
0.2011667937040329
0.2005365788936615
0.19990728795528412
0.1992788165807724
0.19865089654922485
0.19802410900592804
0.19739818572998047
0.19677309691905975
0.19614875316619873
0.19552531838417053
0.19490240514278412
0.19428059458732605
0.19365961849689484
0.19303949177265167
0.1924198716878891
0.19180132448673248
0.19118356704711914
0.19056670367717743
0.18995057046413422
0.18933524191379547
0.1887204647064209
0.18810677528381348
0.18749383091926575
0.18688173592090607
0.1862701028585434
0.18565957248210907
0.18504974246025085
0.18444077670574188
0.18383249640464783
0.1832251399755478
0.1826181709766388
0.18201227486133575
0.1814071387052536
0.18080277740955353
0.18019887804985046
0.17959599196910858
0.17899392545223236
0.17839260399341583
0.177792027592659
0.17719218134880066
0.17659279704093933
0.17599442601203918
0.17539682984352112
0.17479994893074036
0.1742035150527954
0.17360807955265045
0.17301344871520996
0.1724194884300232
0.17182625830173492
0.17123346030712128
0.17064166069030762
0.17005057632923126
0.1694602072238922
0.16887058317661285
0.16828133165836334
0.167693093419075
0.167105570435524
0.16651874780654907
0.16593261063098907
0.1653469055891037
0.16476213932037354
0.16417808830738068
0.16359475255012512
0.16301211714744568
0.16242976486682892
0.16184844076633453
0.16126784682273865
0.1606878787279129
0.16010861098766327
0.1595297008752823
0.1589517444372177
0.15837450325489044
0.1577978879213333
0.15722188353538513
0.15664635598659515
0.15607166290283203
0.1554977297782898
0.1549244225025177
0.15435172617435455
0.15377940237522125
0.15320803225040436
0.15263731777668
0.1520671546459198
0.1514977216720581
0.15092864632606506
0.15036042034626007
0.1497928649187088
0.14922596514225006
0.1486595869064331
0.14809367060661316
0.14752857387065887
0.14696411788463593
0.1464003473520279
0.14583714306354523
0.14527426660060883
0.14471226930618286
0.14415089786052704
0.14359012246131897
0.14302997291088104
0.142470121383667
0.14191116392612457
0.1413528025150299
0.14079506695270538
0.14023783802986145
0.13968104124069214
0.1391250640153885
0.13856960833072662
0.1380148082971573
0.13746057450771332
0.13690663874149323
0.13635356724262238
0.1358010321855545
0.13524916768074036
0.1346975415945053
0.13414674997329712
0.13359655439853668
0.1330469250679016
0.13249781727790833
0.1319492757320404
0.13140110671520233
0.13085372745990753
0.1303068846464157
0.12976059317588806
0.1292145997285843
0.12866942584514618
0.12812480330467224
0.12758073210716248
0.1270371824502945
0.12649418413639069
0.12595148384571075
0.1254095882177353
0.12486821413040161
0.12432738393545151
0.12378682941198349
0.12324705719947815
0.12270784378051758
0.1221691444516182
0.12163097411394119
0.12109331786632538
0.12055592983961105
0.12001936137676239
0.11948326230049133
0.11894771456718445
0.11841240525245667
0.11787788569927216
0.11734385788440704
0.11681034415960312
0.11627732962369919
0.11574490368366241
0.11521264910697937
0.1146811917424202
0.11415021866559982
0.11361976712942123
0.11308956891298294
0.11256008595228195
0.11203111708164215
0.11150265485048294
0.11097466945648193
0.11044721305370331
0.10991998761892319
0.10939346253871918
0.10886748880147934
0.10834194719791412
0.10781664401292801
0.10729210823774338
0.10676802694797516
0.10624447464942932
0.1057213619351387
0.10519871115684509
0.10467635840177536
0.10415464639663696
0.10363346338272095
0.10311273485422134
0.10259224474430084
0.10207245498895645
0.10155314207077026
0.10103427618741989
0.1005159243941307
0.09999801963567734
0.09948030114173889
0.09896330535411835
0.09844677895307541
0.09793074429035187
0.09741488844156265
0.09689977020025253
0.09638504683971405
0.09587083756923676
0.09535704553127289
0.09484371542930603
0.09433059394359589
0.09381817281246185
0.09330621361732483
0.09279470145702362
0.09228339046239853
0.09177275747060776
0.09126255661249161
0.09075282514095306
0.09024354815483093
0.08973468840122223
0.08922601491212845
0.08871807157993317
0.0882105603814125
0.08770347386598587
0.08719655871391296
0.08669035881757736
0.08618458360433578
0.08567922562360764
0.0851743221282959
0.08466984331607819
0.08416557312011719
0.08366193622350693
0.08315877616405487
0.08265601843595505
0.08215345442295074
0.08165155351161957
0.0811500996351242
0.08064906299114227
0.08014843612909317
0.07964801043272018
0.07914826273918152
0.07864890992641449
0.07814998924732208
0.0776515081524849
0.07715320587158203
0.07665553689002991
0.0761583223938942
0.07566151767969131
0.07516513019800186
0.07466889917850494
0.07417335361242294
0.07367822527885437
0.07318349182605743
0.07268918305635452
0.07219505310058594
0.07170158624649048
0.07120853662490845
0.07071589678525925
0.07022364437580109
0.06973160058259964
0.06924019753932953
0.06874918937683105
0.0682586133480072
0.06776844710111618
0.06727845966815948
0.06678910553455353
0.06630018353462219
0.0658116415143013
0.06532352417707443
0.0648355707526207
0.06434829533100128
0.06386138498783112
0.06337490677833557
0.06288883090019226
0.06240293011069298
0.06191766634583473
0.06143281236290932
0.06094837561249733
0.06046433001756668
0.059980470687150955
0.05949724093079567
0.05901441350579262
0.058531999588012695
0.05804998800158501
0.05756817013025284
0.057086966931819916
0.056606173515319824
0.05612579733133316
0.055645816028118134
0.05516599863767624
0.054686833173036575
0.05420805886387825
0.05372971296310425
0.05325175076723099
0.05277398228645325
0.05229683220386505
0.05182010680437088
0.05134376510977745
0.05086782947182655
0.05039208382368088
0.04991697147488594
0.04944225028157234
0.04896795377135277
0.04849380999803543
0.04802032187581062
0.047547243535518646
0.04707455635070801
0.0466022789478302
0.04613041132688522
0.04565872624516487
0.045187681913375854
0.04471702128648758
0.04424678534269333
0.04377671703696251
0.04330729320645332
0.042838286608457565
0.042369671165943146
0.041901472955942154
0.041433680802583694
0.04096606746315956
0.040499091148376465
0.040032532066106796
0.03956637904047966
0.039100416004657745
0.03863508999347687
0.038170162588357925
0.03770565986633301
0.037241555750370026
0.03677787259221077
0.036314383149147034
0.03585151955485344
0.03538908436894417
0.03492705523967743
0.03446522727608681
0.03400402143597603
0.033543240278959274
0.03308287262916565
0.032622918486595154
0.032163381576538086
0.03170405328273773
0.031245356425642967
0.03078707866370678
0.03032921440899372
0.029871560633182526
0.029414542019367218
0.028957944363355637
0.02850176952779293
0.02804601565003395
0.027590684592723846
0.027135562151670456
0.0266810804605484
0.026227014139294624
0.025773389264941216
0.025319963693618774
0.02486717700958252
0.024414829909801483
0.023962905630469322
0.023511413484811783
0.023060349747538567
0.02260950207710266
0.022159291431307793
0.021709518507122993
0.021260173991322517
0.020811056718230247
0.02036258392035961
0.019914541393518448
0.019466938450932503
0.01901976950466633
0.018573036417365074
0.018126530572772026
0.017680678516626358
0.01723526045680046
0.01679028384387493
0.016345534473657608
0.015901444479823112
0.015457792207598686
0.015014583244919777
0.01457181666046381
0.014129499904811382
0.013687408529222012
0.013245982117950916
0.012805001810193062
0.012364465743303299
0.01192417275160551
0.011484536342322826
0.011045354418456554
0.010606623254716396
0.010168339125812054
0.009730515070259571
0.009292933158576488
0.008856011554598808
0.008419549092650414
0.007983542047441006
0.007547785993665457
0.007112694438546896
0.006678061094135046
0.006243891082704067
0.005810178350657225
0.005376928485929966
0.004943935666233301
0.004511612933129072
0.0040797521360218525
0.0036483576986938715
0.003217224031686783
0.00278676301240921
0.002356769982725382
0.0019272447098046541
0.001498188590630889
0.001069399411790073
0.000641285500023514
0.00021364359417930245
-0.0002135253162123263
-0.0006402205908671021
-0.0010664411820471287
-0.0014923891285434365
-0.0019176581408828497
-0.002342449501156807
-0.002766762161627412
-0.0031905972864478827
-0.0036141539458185434
-0.004037029109895229
-0.004459422547370195
-0.004881333094090223
-0.0053029609844088554
-0.00572390528395772
-0.0061443643644452095
-0.006564337760210037
-0.006983825471252203
-0.00740282516926527
-0.007821539416909218
-0.00823956448584795
-0.008657097816467285
-0.009074142202734947
-0.00949089601635933
-0.009906957857310772
-0.010322527028620243
-0.010737601667642593
-0.01115218736231327
-0.011566275730729103
-0.011980063281953335
-0.012393161654472351
-0.012805761769413948
-0.013217867352068424
-0.013629667460918427
-0.014040772803127766
-0.014451378025114536
-0.014861484989523888
-0.01527109369635582
-0.01568019762635231
-0.016088996082544327
-0.016497092321515083
-0.016904691234230995
-0.017311781644821167
-0.017718564718961716
-0.018124651163816452
-0.01853022910654545
-0.018935304135084152
-0.019339870661497116
-0.01974392868578434
-0.020147675648331642
-0.020550712943077087
-0.02095324918627739
-0.0213552825152874
-0.021756984293460846
-0.02215799316763878
-0.022558489814400673
-0.022958476096391678
-0.02335795760154724
-0.023756923153996468
-0.024155564606189728
-0.02455350011587143
-0.024950934574007988
-0.025347845628857613
-0.02574443630874157
-0.026140334084630013
-0.026535695418715477
-0.026930565014481544
-0.027324913069605827
-0.02771875075995922
-0.028112253174185753
-0.028505057096481323
-0.028897346928715706
-0.029289131984114647
-0.029680578038096428
-0.030071314424276352
-0.030461547896265984
-0.030851269140839577
-0.03124045394361019
-0.03162914142012596
-0.03201749920845032
-0.032405152916908264
-0.032792285084724426
-0.033178914338350296
-0.033565204590559006
-0.033950790762901306
-0.03433587774634361
-0.03472043573856354
-0.035104475915431976
-0.03548802435398102
-0.035871222615242004
-0.03625372424721718
-0.03663571551442146
-0.03701720014214516
-0.03739834204316139
-0.037778791040182114
-0.038158729672431946
-0.03853815793991089
-0.038917072117328644
-0.039295464754104614
-0.039673540741205215
-0.040050916373729706
-0.0404277928173542
-0.040804170072078705
-0.041180163621902466
-0.04155552759766579
-0.04193035513162613
-0.04230467602610588
-0.042678505182266235
-0.04305180907249451
-0.04342479258775711
-0.043797098100185394
-0.04416889324784279
-0.044540196657180786
-0.04491115361452103
-0.045281436294317245
-0.04565122723579407
-0.0460205003619194
-0.04638928920030594
-0.04675775393843651
-0.04712553322315216
-0.047492824494838715
-0.047859616577625275
-0.04822590574622154
-0.048591889441013336
-0.0489572137594223
-0.04932202398777008
-0.04968635365366936
-0.05005019158124924
-0.05041369050741196
-0.05077655613422394
-0.05113893747329712
-0.051500823348760605
-0.05186222493648529
-0.052223313599824905
-0.052583735436201096
-0.05294371023774147
-0.05330318212509155
-0.05366218462586403
-0.05402085557579994
-0.05437890440225601
-0.05473647639155388
-0.05509358271956444
-0.0554502010345459
-0.05580654367804527
-0.05616224184632301
-0.056517455726861954
-0.05687221512198448
-0.05722649022936821
-0.05758048593997955
-0.05793385207653046
-0.05828676372766495
-0.05863923579454422
-0.058991219848394394
-0.05934293568134308
-0.059694040566682816
-0.06004466488957405
-0.06039486080408096
-0.060744620859622955
-0.061094097793102264
-0.06144294515252113
-0.06179137900471687
-0.0621393620967865
-0.06248689070343971
-0.06283415853977203
-0.0631808415055275
-0.06352707743644714
-0.06387288868427277
-0.06421829760074615
-0.06456341594457626
-0.06490793824195862
-0.06525203585624695
-0.06559574604034424
-0.0659390315413475
-0.06628207862377167
-0.06662452220916748
-0.06696657836437225
-0.0673082172870636
-0.06764943152666092
-0.06799042224884033
-0.06833083927631378
-0.06867089122533798
-0.06901051849126816
-0.06934992223978043
-0.06968875229358673
-0.07002720236778259
-0.0703652948141098
-0.0707029476761818
-0.07104030251502991
-0.07137735933065414
-0.0717139020562172
-0.072050079703331
-0.07238587737083435
-0.072721466422081
-0.07305654883384705
-0.07339125126600266
-0.07372558116912842
-0.07405956089496613
-0.07439317554235458
-0.0747266337275505
-0.07505954802036285
-0.07539210468530655
-0.07572434842586517
-0.07605636119842529
-0.07638794183731079
-0.07671914249658585
-0.07705001533031464
-0.07738055288791656
-0.07771078497171402
-0.07804083824157715
-0.07837037742137909
-0.07869963347911835
-0.07902856171131134
-0.07935734838247299
-0.07968564331531525
-0.08001364022493362
-0.08034133166074753
-0.08066871762275696
-0.08099581301212311
-0.08132278174161911
-0.08164923638105392
-0.08197547495365143
-0.08230137825012207
-0.08262717723846436
-0.08295255154371262
-0.0832776352763176
-0.0836024284362793
-0.08392699062824249
-0.08425123989582062
-0.08457536995410919
-0.08489910513162613
-0.08522257208824158
-0.08554583787918091
-0.0858689397573471
-0.08619163930416107
-0.08651413768529892
-0.0868363305926323
-0.08715830743312836
-0.08748005330562592
-0.0878017395734787
-0.08812303096055984
-0.0884440541267395
-0.08876489847898483
-0.0890856459736824
-0.08940605819225311
-0.08972622454166412
-0.09004617482423782
-0.0903659462928772
-0.09068549424409866
-0.09100501239299774
-0.09132414311170578
-0.09164311736822128
-0.09196187555789948
-0.09228058904409409
-0.09259899705648422
-0.09291718155145645
-0.09323525428771973
-0.0935530886054039
-0.09387078881263733
-0.09418847411870956
-0.09450583159923553
-0.0948229655623436
-0.09514003247022629
-0.09545709192752838
-0.09577380120754242
-0.09609034657478333
-0.09640677273273468
-0.09672309458255768
-0.09703923016786575
-0.09735538810491562
-0.0976712554693222
-0.09798701852560043
-0.0983026847243309
-0.09861832857131958
-0.09893375635147095
-0.09924902021884918
-0.09956420958042145
-0.09987924993038177
-0.10019420087337494
-0.10050921142101288
-0.10082397609949112
-0.1011386439204216
-0.10145320743322372
-0.10176783800125122
-0.10208223760128021
-0.10239656269550323
-0.10271083563566208
-0.10302498191595078
-0.10333920270204544
-0.10365325957536697
-0.10396720468997955
-0.10428112000226974
-0.10459496825933456
-0.10490891337394714
-0.1052226722240448
-0.1055363342165947
-0.10585003346204758
-0.1061636283993721
-0.10647737234830856
-0.10679090023040771
-0.10710439831018448
-0.10741790384054184
-0.10773137956857681
-0.10804495960474014
-0.10835837572813034
-0.10867177695035934
-0.10898517072200775
-0.10929854959249496
-0.1096121072769165
-0.10992548614740372
-0.11023883521556854
-0.11055227369070053
-0.11086568236351013
-0.11117927730083466
-0.11149269342422485
-0.11180614680051804
-0.11211960017681122
-0.11243309825658798
-0.11274678260087967
-0.11306034028530121
-0.11337391287088394
-0.11368757486343384
-0.11400123685598373
-0.11431510001420975
-0.1146288812160492
-0.11494267731904984
-0.11525654047727585
-0.11557044833898544
-0.11588457971811295
-0.11619867384433746
-0.11651279032230377
-0.11682699620723724
-0.1171412393450737
-0.11745575815439224
-0.11777016520500183
-0.11808466166257858
-0.11839929223060608
-0.11871392279863358
-0.11902888119220734
-0.11934369057416916
-0.1196586862206459
-0.11997367441654205
-0.1202889233827591
-0.12060434371232986
-0.12091971188783646
-0.12123524397611618
-0.12155082821846008
-0.12186658382415771
-0.12218257784843445
-0.12249856442213058
-0.12281472980976105
-0.12313093990087509
-0.12344744801521301
-0.12376400083303452
-0.12408062815666199
-0.12439742684364319
-0.12471433728933334
-0.1250315010547638
-0.12534883618354797
-0.1256662756204605
-0.1259838342666626
-0.12630155682563782
-0.1266195923089981
-0.1269376128911972
-0.12725584208965302
-0.12757422029972076
-0.12789282202720642
-0.12821151316165924
-0.1285306215286255
-0.12884974479675293
-0.1291690468788147
-0.1294884979724884
-0.12980832159519196
-0.1301281899213791
-0.13044831156730652
-0.1307685226202011
-0.1310890167951584
-0.1314096450805664
-0.13173075020313263
-0.13205179572105408
-0.1323731392621994
-0.13269464671611786
-0.13301657140254974
-0.1333385705947876
-0.1336606740951538
-0.1339830905199051
-0.13430577516555786
-0.13462860882282257
-0.13495191931724548
-0.13527527451515198
-0.13559888303279877
-0.1359226554632187
-0.1362469494342804
-0.1365712285041809
-0.1368958055973053
-0.13722065091133118
-0.13754573464393616
-0.13787105679512024
-0.13819682598114014
-0.1385226845741272
-0.13884885609149933
-0.13917525112628937
-0.13950203359127045
-0.13982899487018585
-0.14015622437000275
-0.1404837667942047
-0.1408115178346634
-0.14113953709602356
-0.14146804809570312
-0.14179672300815582
-0.14212562143802643
-0.1424548178911209
-0.1427845060825348
-0.1431143432855606
-0.14344444870948792
-0.1437748223543167
-0.14410552382469177
-0.14443658292293549
-0.14476805925369263
-0.14509965479373932
-0.14543165266513824
-0.14576390385627747
-0.1460966169834137
-0.14642952382564545
-0.14676275849342346
-0.14709635078907013
-0.1474301964044571
-0.1477643996477127
-0.1480991095304489
-0.14843399822711945
-0.14876915514469147
-0.1491047739982605
-0.14944081008434296
-0.14977702498435974
-0.15011359751224518
-0.15045051276683807
-0.15078778564929962
-0.15112538635730743
-0.15146352350711823
-0.15180186927318573
-0.1521405428647995
-0.15247952938079834
-0.15281912684440613
-0.15315890312194824
-0.1534990668296814
-0.15383951365947723
-0.15418042242527008
-0.1545216143131256
-0.1548634171485901
-0.15520545840263367
-0.15554779767990112
-0.15589052438735962
-0.15623381733894348
-0.15657730400562286
-0.1569211632013321
-0.15726545453071594
-0.15761013329029083
-0.15795516967773438
-0.15830081701278687
-0.15864665806293488
-0.15899290144443512
-0.1593395471572876
-0.15968672931194305
-0.1600341647863388
-0.16038209199905396
-0.16073031723499298
-0.16107898950576782
-0.16142819821834564
-0.16177767515182495
-0.16212759912014008
-0.16247789561748505
-0.16282862424850464
-0.16317987442016602
-0.16353152692317963
-0.16388344764709473
-0.164235919713974
-0.16458874940872192
-0.16494214534759521
-0.16529583930969238
-0.16564998030662537
-0.16600452363491058
-0.1663595288991928
-0.1667150855064392
-0.16707096993923187
-0.16742727160453796
-0.16778400540351868
-0.1681412309408188
-0.16849902272224426
-0.16885709762573242
-0.1692156046628952
-0.1695745289325714
-0.1699340045452118
-0.1702941209077835
-0.17065437138080597
-0.17101509869098663
-0.1713763326406479
-0.17173801362514496
-0.17210039496421814
-0.17246299982070923
-0.17282603681087494
-0.17318961024284363
-0.17355360090732574
-0.1739182323217392
-0.1742831915616989
-0.17464859783649445
-0.1750144511461258
-0.17538079619407654
-0.17574778199195862
-0.17611509561538696
-0.17648281157016754
-0.1768510341644287
-0.17721980810165405
-0.17758925259113312
-0.17795893549919128
-0.17832913994789124
-0.1786997765302658
-0.17907090485095978
-0.17944280803203583
-0.179814875125885
-0.1801874339580536
-0.18056058883666992
-0.1809341311454773
-0.18130841851234436
-0.1816830337047577
-0.1820581555366516
-0.18243369460105896
-0.18280979990959167
-0.18318653106689453
-0.18356357514858246
-0.18394121527671814
-0.18431924283504486
-0.18469783663749695
-0.18507714569568634
-0.18545672297477722
-0.18583686649799347
-0.18621744215488434
-0.18659855425357819
-0.18698038160800934
-0.18736258149147034
-0.18774525821208954
-0.18812841176986694
-0.18851211667060852
-0.18889644742012024
-0.18928128480911255
-0.1896664947271347
-0.19005224108695984
-0.19043847918510437
-0.19082553684711456
-0.19121283292770386
-0.1916007101535797
-0.19198913872241974
-0.1923781931400299
-0.19276757538318634
-0.19315756857395172
-0.1935480386018753
-0.19393901526927948
-0.1943305879831314
-0.19472290575504303
-0.19511544704437256
-0.19550861418247223
-0.1959022879600525
-0.19629666209220886
-0.19669146835803986
-0.19708669185638428
-0.19748255610466003
-0.1978789120912552
-0.19827578961849213
-0.1986733078956604
-0.19907131791114807
-0.19946984946727753
-0.19986888766288757
-0.2002686709165573
-0.2006688117980957
-0.20106947422027588
-0.20147067308425903
-0.20187242329120636
-0.20227473974227905
-0.20267783105373383
-0.20308123528957367
-0.20348522067070007
-0.20388959348201752
-0.20429491996765137
-0.2047004997730255
-0.2051066756248474
-0.20551329851150513
-0.20592062175273895
-0.2063284069299698
-0.2067369520664215
-0.2071458399295807
-0.20755529403686523
-0.20796529948711395
-0.20837610960006714
-0.20878718793392181
-0.20919886231422424
-0.20961113274097443
-0.210023894906044
-0.21043719351291656
-0.21085134148597717
-0.21126580238342285
-0.2116808146238327
-0.21209634840488434
-0.21251265704631805
-0.21292927861213684
-0.2133466601371765
-0.21376444399356842
-0.2141827493906021
-0.21460193395614624
-0.21502137184143066
-0.21544146537780762
-0.21586209535598755
-0.21628326177597046
-0.21670514345169067
-0.2171274721622467
-0.2175503969192505
-0.21797381341457367
-0.21839773654937744
-0.21882255375385284
-0.2192477136850357
-0.21967338025569916
-0.22009959816932678
-0.22052636742591858
-0.22095395624637604
-0.22138190269470215
-0.22181038558483124
-0.22223949432373047
-0.22266913950443268
-0.2230994999408722
-0.2235303372144699
-0.2239616960287094
-0.2243935614824295
-0.22482602298259735
-0.22525930404663086
-0.22569291293621063
-0.22612708806991577
-0.22656185925006866
-0.22699715197086334
-0.2274331897497177
-0.2278696447610855
-0.22830666601657867
-0.2287442684173584
-0.2291824072599411
-0.22962135076522827
-0.23006054759025574
-0.23050044476985931
-0.23094087839126587
-0.2313818484544754
-0.2318236082792282
-0.23226581513881683
-0.23270848393440247
-0.23315179347991943
-0.2335955649614334
-0.23404018580913544
-0.23448514938354492
-0.2349306344985962
-0.23537679016590118
-0.23582348227500916
-0.2362709492444992
-0.2367187887430191
-0.2371671050786972
-0.2376161515712738
-0.23806555569171906
-0.2385159134864807
-0.23896664381027222
-0.23941783607006073
-0.2398696094751358
-0.24032199382781982
-0.24077513813972473
-0.2412286251783371
-0.241682767868042
-0.2421373575925827
-0.24259255826473236
-0.24304862320423126
-0.24350494146347046
-0.2439618855714798
-0.2444193810224533
-0.24487744271755219
-0.24533627927303314
-0.24579551815986633
-0.2462552785873413
-0.24671566486358643
-0.24717654287815094
-0.24763815104961395
-0.24810029566287994
-0.24856293201446533
-0.24902603030204773
-0.24948979914188385
-0.24995441734790802
-0.2504192590713501
-0.2508847117424011
-0.2513507604598999
-0.25181737542152405
-0.25228479504585266
-0.2527525722980499
-0.253220796585083
-0.25368979573249817
-0.25415918231010437
-0.2546294927597046
-0.2551000118255615
-0.2555711269378662
-0.2560429573059082
-0.256515234708786
-0.2569883167743683
-0.2574617564678192
-0.25793591141700745
-0.25841039419174194
-0.25888556241989136
-0.2593614459037781
-0.259837806224823
-0.2603147327899933
-0.26079219579696655
-0.2612701952457428
-0.2617489993572235
-0.2622281014919281
-0.2627078890800476
-0.2631882429122925
-0.2636690139770508
-0.2641507089138031
-0.2646327614784241
-0.2651154100894928
-0.2655985951423645
-0.2660825848579407
-0.2665669322013855
-0.2670518755912781
-0.26753729581832886
-0.26802337169647217
-0.26851001381874084
-0.268997460603714
-0.2694852352142334
-0.26997366547584534
-0.27046260237693787
-0.2709523141384125
-0.2714425027370453
-0.2719331681728363
-0.2724243998527527
-0.27291619777679443
-0.2734086811542511
-0.27390196919441223
-0.27439552545547485
-0.2748897671699524
-0.2753846049308777
-0.2758800983428955
-0.27637600898742676
-0.27687257528305054
-0.27736973762512207
-0.27786746621131897
-0.27836576104164124
-0.27886486053466797
-0.2793644070625305
-0.27986443042755127
-0.280364990234375
-0.2808665633201599
-0.2813683748245239
-0.28187087178230286
-0.28237393498420715
-0.2828775942325592
-0.28338178992271423
-0.28388679027557373
-0.2843923568725586
-0.28489843010902405
-0.2854050397872925
-0.2859126627445221
-0.2864203453063965
-0.28692877292633057
-0.28743788599967957
-0.28794753551483154
-0.2884581685066223
-0.2889690697193146
-0.28948068618774414
-0.28999271988868713
-0.2905054986476898
-0.29101911187171936
-0.2915331721305847
-0.2920477092266083
-0.29256296157836914
-0.29307883977890015
-0.29359549283981323
-0.29411277174949646
-0.2946304380893707
-0.2951488196849823
-0.2956678569316864
-0.29618769884109497
-0.29670795798301697
-0.2972289025783539
-0.2977505624294281
-0.29827266931533813
-0.2987959086894989
-0.2993193566799164
-0.2998434007167816
-0.3003682494163513
-0.30089351534843445
-0.30142009258270264
-0.301946759223938
-0.30247417092323303
-0.3030022978782654
-0.3035310208797455
-0.3040606379508972
-0.30459076166152954
-0.30512142181396484
-0.3056528866291046
-0.30618491768836975
-0.30671799182891846
-0.3072513937950134
-0.3077854514122009
-0.30832022428512573
-0.3088557720184326
-0.30939221382141113
-0.3099290430545807
-0.3104666471481323
-0.31100496649742126
-0.3115438222885132
-0.31208375096321106
-0.3126240372657776
-0.3131651282310486
-0.3137069344520569
-0.3142493665218353
-0.31479281187057495
-0.3153367042541504
-0.3158811628818512
-0.31642669439315796
-0.3169727623462677
-0.31751975417137146
-0.3180672526359558
-0.318615585565567
-0.3191644847393036
-0.31971415877342224
-0.32026487588882446
-0.3208160698413849
-0.32136788964271545
-0.32192057371139526
-0.3224741220474243
-0.32302847504615784
-0.32358336448669434
-0.3241391181945801
-0.3246954679489136
-0.3252526819705963
-0.3258109986782074
-0.32636958360671997
-0.3269291818141937
-0.32748934626579285
-0.3280504047870636
-0.328612357378006
-0.32917487621307373
-0.3297382891178131
-0.3303024470806122
-0.33086735010147095
-0.3314332962036133
-0.3319997787475586
-0.3325670063495636
-0.33313503861427307
-0.3337038457393646
-0.33427366614341736
-0.33484411239624023
-0.3354152739048004
-0.33598724007606506
-0.33656010031700134
-0.33713388442993164
-0.3377082347869873
-0.3382833003997803
-0.3388592600822449
-0.33943602442741394
-0.34001386165618896
-0.3405921459197998
-0.3411713242530823
-0.34175124764442444
-0.3423319458961487
-0.3429138660430908
-0.34349602460861206
-0.34407907724380493
-0.3446630537509918
-0.3452478349208832
-0.34583356976509094
-0.34641972184181213
-0.34700679779052734
-0.3475947380065918
-0.34818339347839355
-0.3487730324268341
-0.34936317801475525
-0.34995409846305847
-0.35054588317871094
-0.35113850235939026
-0.35173195600509644
-0.35232603549957275
-0.35292086005210876
-0.3535163402557373
-0.3541126549243927
-0.3547099232673645
-0.35530757904052734
-0.3559061884880066
-0.3565053343772888
-0.3571053743362427
-0.35770633816719055
-0.35830774903297424
-0.35890984535217285
-0.35951265692710876
-0.36011603474617004
-0.36072051525115967
-0.36132529377937317
-0.36193081736564636
-0.3625370264053345
-0.36314377188682556
-0.36375147104263306
-0.36435940861701965
-0.3649682104587555
-0.3655773997306824
-0.36618733406066895
-0.3667980432510376
-0.36740899085998535
-0.36802059412002563
-0.36863279342651367
-0.3692455589771271
-0.36985883116722107
-0.37047234177589417
-0.37108662724494934
-0.3717012107372284
-0.3723161220550537
-0.372932106256485
-0.3735479712486267
-0.3741644322872162
-0.37478113174438477
-0.37539854645729065
-0.37601593136787415
-0.376633882522583
-0.3772519528865814
-0.37787050008773804
-0.37848958373069763
-0.3791084587574005
-0.3797276020050049
-0.38034722208976746
-0.3809669017791748
-0.3815869390964508
-0.3822069466114044
-0.38282713294029236
-0.3834473192691803
-0.38406768441200256
-0.38468828797340393
-0.38530871272087097
-0.3859292268753052
-0.3865496814250946
-0.3871700167655945
-0.38779065012931824
-0.3884110748767853
-0.38903114199638367
-0.3896511495113373
-0.39027103781700134
-0.390890896320343
-0.3915102779865265
-0.392129510641098
-0.3927484452724457
-0.39336687326431274
-0.3939855098724365
-0.3946034610271454
-0.3952209949493408
-0.39583820104599
-0.39645469188690186
-0.39707115292549133
-0.39768680930137634
-0.398301899433136
-0.39891645312309265
-0.3995303511619568
-0.40014395117759705
-0.4007565379142761
-0.40136849880218506
-0.40197980403900146
-0.40259021520614624
-0.4032001197338104
-0.40380895137786865
-0.4044170379638672
-0.40502405166625977
-0.4056301712989807
-0.40623587369918823
-0.40684017539024353
-0.40744343400001526
-0.4080457389354706
-0.4086468517780304
-0.4092472493648529
-0.4098464250564575
-0.41044408082962036
-0.41104090213775635
-0.41163626313209534
-0.4122307598590851
-0.4128236174583435
-0.4134153425693512
-0.41400572657585144
-0.41459470987319946
-0.41518259048461914
-0.41576895117759705
-0.4163537323474884
-0.4169372022151947
-0.4175189733505249
-0.41809967160224915
-0.4186786115169525
-0.4192558228969574
-0.4198315739631653
-0.4204058051109314
-0.4209786653518677
-0.42154961824417114
-0.42211881279945374
-0.42268645763397217
-0.4232524037361145
-0.42381682991981506
-0.4243793487548828
-0.0
-0.0
-0.0
-0.0
-0.0
-0.0
-0.0
-0.0
-0.0
-0.0
-0.0
-0.0
-0.0
-0.0
-0.0
-0.0
-0.0
-0.0
-0.0
-0.0
-0.0
-0.0
-0.0
-0.0
-0.0
-0.0
-0.0
-0.0
-0.0
-0.0
-0.0
-0.0
-0.0
-0.0
-0.0
-0.0
-0.0
-0.0
-0.0
-0.0
-0.0
-0.0
-0.0
-0.0
-0.0
-0.0
-0.0
-0.0
-0.0
-0.0
-0.0
-0.0
-0.0
-0.0
-0.0
-0.0
-0.0
-0.0
-0.0
-0.0
-0.0
-0.0
-0.0
-0.0
-0.0
-0.0
-0.0
-0.0
-0.0
-0.0
-0.0
-0.0
-0.0
-0.0
-0.0
-0.0
-0.0
-0.0
-0.0
-0.0
-0.0
-0.0
-0.0
-0.0
-0.0
-0.0
-0.0
-0.0
-0.0
-0.0
-0.0
-0.0
-0.0
-0.0
-0.0
-0.0
-0.0
-0.0
-0.0
-0.0
-0.0
-0.0
-0.0
-0.0
-0.0
-0.0
-0.0
-0.0
-0.0
-0.0
-0.0
-0.0
-0.0
-0.0
-0.0
-0.0
-0.0
-0.0
-0.0
-0.0
-0.0
-0.0
-0.0
-0.0
-0.0
-0.0
-0.0
-0.0
-0.0
-0.0
-0.0
-0.0
-0.0
-0.0
-0.0
-0.0
-0.0
-0.0
-0.0
-0.0
-0.0
-0.0
-0.0
-0.0
-0.0
-0.0
-0.0
-0.0
-0.0
-0.0
-0.0
-0.0
-0.0
-0.0
-0.0
-0.0
-0.0
-0.0
-0.0
-0.0
-0.0
-0.0
-0.0
-0.0
-0.0
-0.0
-0.0
-0.0
-0.0
-0.0
-0.0
-0.0
-0.0
-0.0
-0.0
-0.0
-0.0
-0.0
-0.0
-0.0
-0.0
-0.0
-0.0
-0.0
-0.0
-0.0
-0.0
-0.0
-0.0
-0.0
-0.0
-0.0
-0.0
-0.0
-0.0
-0.0
-0.0
-0.0
-0.0
-0.0
-0.0
-0.0
-0.0
-0.0
-0.0
-0.0
-0.0
-0.0
-0.0
-0.0
-0.0
-0.0
-0.0
-0.0
-0.0
-0.0
-0.0
-0.0
-0.0
-0.0
-0.0
-0.0
-0.0
-0.0
-0.0
-0.0
-0.0
-0.0
-0.0
-0.0
-0.0
-0.0
-0.0
-0.0
-0.0
-0.0
-0.0
-0.0
-0.0
-0.0
-0.0
-0.0
-0.0
-0.0
-0.0
-0.0
-0.0
-0.0
-0.0
-0.0
-0.0
-0.0
-0.0
-0.0
-0.0
-0.0
-0.0
-0.0
-0.0
-0.0
-0.0
-0.0
-0.0
-0.0
-0.0
-0.0
-0.0
-0.0
-0.0
-0.0
-0.0
-0.0
-0.0
-0.0
-0.0
-0.0
-0.0
-0.0
-0.0
-0.0
-0.0
-0.0
-0.0
-0.0
-0.0
-0.0
-0.0
-0.0
-0.0
-0.0
-0.0
-0.0
-0.0
-0.0
-0.0
-0.0
-0.0
-0.0
-0.0
-0.0
-0.0
-0.0
-0.0
-0.0
-0.0
-0.0
-0.0
-0.0
-0.0
-0.0
-0.0
-0.0
-0.0
-0.0
-0.0
-0.0
-0.0
-0.0
-0.0
-0.0
-0.0
-0.0
-0.0
-0.0
-0.0
-0.0
-0.0
-0.0
-0.0
-0.0
-0.0
-0.0
-0.0
-0.0
-0.0
-0.0
-0.0
-0.0
-0.0
-0.0
-0.0
-0.0
-0.0
-0.0
-0.0
-0.0
-0.0
-0.0
-0.0
-0.0
-0.0
-0.0
-0.0
-0.0
-0.0
-0.0
-0.0
-0.0
-0.0
-0.0
-0.0
-0.0
-0.0
-0.0
-0.0
-0.0
-0.0
-0.0
-0.0
-0.0
-0.0
-0.0
-0.0
-0.0
-0.0
-0.0
-0.0
-0.0
-0.0
-0.0
-0.0
-0.0
-0.0
-0.0
-0.0
-0.0
-0.0
-0.0
-0.0
-0.0
-0.0
-0.0
-0.0
-0.0
-0.0
-0.0
-0.0
-0.0
-0.0
-0.0
-0.0
-0.0
-0.0
-0.0
-0.0
-0.0
-0.0
-0.0
-0.0
-0.0
-0.0
-0.0
-0.0
-0.0
-0.0
-0.0
-0.0
-0.0
-0.0
-0.0
-0.0
-0.0
-0.0
-0.0
-0.0
-0.0
-0.0
-0.0
-0.0
-0.0
-0.0
-0.0
-0.0
-0.0
-0.0
-0.0
-0.0
-0.0
-0.0
-0.0
-0.0
-0.0
-0.0
-0.0
-0.0
-0.0
-0.0
-0.0
-0.0
-0.0
-0.0
-0.0
-0.0
-0.0
-0.0
-0.0
-0.0
-0.0
-0.0
-0.0
-0.0
-0.0
-0.0
-0.0
-0.0
-0.0
-0.0
-0.0
-0.0
-0.0
-0.0
-0.0
-0.0
-0.0
-0.0
-0.0
-0.0
-0.0
-0.0
-0.0
-0.0
-0.0
-0.0
-0.0
-0.0
-0.0
-0.0
-0.0
-0.0
-0.0
-0.0
-0.0
-0.0
-0.0
-0.0
-0.0
-0.0
-0.0
-0.0
-0.0
-0.0
-0.0
-0.0
-0.0
-0.0
-0.0
-0.0
-0.0
-0.0
-0.0
-0.0
-0.0
-0.0
-0.0
-0.0
-0.0
-0.0
-0.0
-0.0
-0.0
-0.0
-0.0
-0.0
-0.0
-0.0
-0.0
-0.0
-0.0
-0.0
-0.0
-0.0
-0.0
-0.0
-0.0
-0.0
-0.0
-0.0
-0.0
-0.0
-0.0
-0.0
-0.0
-0.0
-0.0
-0.0
-0.0
-0.0
-0.0
-0.0
-0.0
-0.0
-0.0
-0.0
-0.0
-0.0
-0.0
-0.0
-0.0
-0.0
-0.0
-0.0
-0.0
-0.0
-0.0
-0.0
-0.0
-0.0
-0.0
-0.0
-0.0
-0.0
-0.0
-0.0
-0.0
-0.0
-0.0
-0.0
-0.0
-0.0
-0.0
-0.0
-0.0
-0.0
-0.0
-0.0
-0.0
-0.0
-0.0
-0.0
-0.0
-0.0
-0.0
-0.0
-0.0
-0.0
-0.0
-0.0
-0.0
-0.0
-0.0
-0.0
-0.0
-0.0
-0.0
-0.0
-0.0
-0.0
-0.0
-0.0
-0.0
-0.0
-0.0
-0.0
-0.0
-0.0
-0.0
-0.0
-0.0
-0.0
-0.0
-0.0
-0.0
-0.0
-0.0
-0.0
-0.0
-0.0
-0.0
-0.0
-0.0
-0.0
-0.0
-0.0
-0.0
-0.0
-0.0
-0.0
-0.0
-0.0
-0.0
-0.0
-0.0
-0.0
-0.0
-0.0
-0.0
-0.0
-0.0
-0.0
-0.0
-0.0
-0.0
-0.0
-0.0
-0.0
-0.0
-0.0
-0.0
-0.0
-0.0
-0.0
-0.0
-0.0
-0.0
-0.0
-0.0
-0.0
-0.0
-0.0
-0.0
-0.0
-0.0
-0.0
-0.0
-0.0
-0.0
-0.0
-0.0
-0.0
-0.0
-0.0
-0.0
-0.0
-0.0
-0.0
-0.0
-0.0
-0.0
-0.0
-0.0
-0.0
-0.0
-0.0
-0.0
-0.0
-0.0
-0.0
-0.0
-0.0
-0.0
-0.0
-0.0
-0.0
-0.0
-0.0
-0.0
-0.0
-0.0
-0.0
-0.0
-0.0
-0.0
-0.0
-0.0
-0.0
-0.0
-0.0
-0.0
-0.0
-0.0
-0.0
-0.0
-0.0
-0.0
-0.0
-0.0
-0.0
-0.0
-0.0
-0.0
-0.0
-0.0
-0.0
-0.0
-0.0
-0.0
-0.0
-0.0
-0.0
-0.0
-0.0
-0.0
-0.0
-0.0
-0.0
-0.0
-0.0
-0.0
-0.0
-0.0
-0.0
-0.0
-0.0
-0.0
-0.0
-0.0
-0.0
-0.0
-0.0
-0.0
-0.0
-0.0
-0.0
-0.0
-0.0
-0.0
-0.0
-0.0
-0.0
-0.0
-0.0
-0.0
-0.0
-0.0
-0.0
-0.0
-0.0
-0.0
-0.0
-0.0
-0.0
-0.0
-0.0
-0.0
-0.0
-0.0
-0.0
-0.0
-0.0
-0.0
-0.0
-0.0
-0.0
-0.0
-0.0
-0.0
-0.0
-0.0
-0.0
-0.0
-0.0
-0.0
-0.0
-0.0
-0.0
-0.0
-0.0
-0.0
-0.0
-0.0
-0.0
-0.0
-0.0
-0.0
-0.0
-0.0
-0.0
-0.0
-0.0
-0.0
-0.0
-0.0
-0.0
-0.0
-0.0
-0.0
-0.0
-0.0
-0.0
-0.0
-0.0
-0.0
-0.0
-0.0
-0.0
-0.0
-0.0
-0.0
-0.0
-0.0
-0.0
-0.0
-0.0
-0.0
-0.0
-0.0
-0.0
-0.0
-0.0
-0.0
-0.0
-0.0
-0.0
-0.0
-0.0
-0.0
-0.0
-0.0
-0.0
-0.0
-0.0
-0.0
-0.0
-0.0
-0.0
-0.0
-0.0
-0.0
-0.0
-0.0
-0.0
-0.0
-0.0
-0.0
-0.0
-0.0
-0.0
-0.0
-0.0
-0.0
-0.0
-0.0
-0.0
-0.0
-0.0
-0.0
-0.0
-0.0
-0.0
-0.0
-0.0
-0.0
-0.0
-0.0
-0.0
-0.0
-0.0
-0.0
-0.0
-0.0
-0.0
-0.0
-0.0
-0.0
-0.0
-0.0
-0.0
-0.0
-0.0
-0.0
-0.0
-0.0
-0.0
-0.0
-0.0
-0.0
-0.0
-0.0
-0.0
-0.0
-0.0
-0.0
-0.0
-0.0
-0.0
-0.0
-0.0
-0.0
-0.0
-0.0
-0.0
-0.0
-0.0
-0.0
-0.0
-0.0
-0.0
-0.0
-0.0
-0.0
-0.0
-0.0
-0.0
-0.0
-0.0
-0.0
-0.0
-0.0
-0.0
-0.0
-0.0
-0.0
-0.0
-0.0
-0.0
-0.0
-0.0
-0.0
-0.0
-0.0
-0.0
-0.0
-0.0
-0.0
-0.0
-0.0
-0.0
-0.0
-0.0
-0.0
-0.0
-0.0
-0.0
-0.0
-0.0
-0.0
-0.0
-0.0
-0.0
-0.0
-0.0
-0.0
-0.0
-0.0
-0.0
-0.0
-0.0
-0.0
-0.0
-0.0
-0.0
-0.0
-0.0
-0.0
-0.0
-0.0
-0.0
-0.0
-0.0
-0.0
-0.0
-0.0
-0.0
-0.0
-0.0
-0.0
-0.0
-0.0
-0.0
-0.0
-0.0
-0.0
-0.0
-0.0
-0.0
-0.0
-0.0
-0.0
-0.0
-0.0
-0.0
-0.0
-0.0
-0.0
-0.0
-0.0
-0.0
-0.0
-0.0
-0.0
-0.0
-0.0
-0.0
-0.0
-0.0
-0.0
-0.0
-0.0
-0.0
-0.0
-0.0
-0.0
-0.0
-0.0
-0.0
-0.0
-0.0
-0.0
-0.0
-0.0
-0.0
-0.0
-0.0
-0.0
-0.0
-0.0
-0.0
-0.0
-0.0
-0.0
-0.0
-0.0
-0.0
-0.0
-0.0
-0.0
-0.0
-0.0
-0.0
-0.0
-0.0
-0.0
-0.0
-0.0
-0.0
-0.0
-0.0
-0.0
-0.0
-0.0
-0.0
-0.0
-0.0
-0.0
-0.0
-0.0
-0.0
-0.0
-0.0
-0.0
-0.0
-0.0
-0.0
-0.0
-0.0
-0.0
-0.0
-0.0
-0.0
-0.0
-0.0
-0.0
-0.0
-0.0
-0.0
-0.0
-0.0
-0.0
-0.0
-0.0
-0.0
-0.0
-0.0
-0.0
-0.0
-0.0
-0.0
-0.0
-0.0
-0.0
-0.0
-0.0
-0.0
-0.0
-0.0
-0.0
-0.0
-0.0
-0.0
-0.0
-0.0
-0.0
-0.0
-0.0
-0.0
-0.0
-0.0
-0.0
-0.0
-0.0
-0.0
-0.0
-0.0
-0.0
-0.0
-0.0
-0.0
-0.0
-0.0
-0.0
-0.0
-0.0
-0.0
-0.0
-0.0
-0.0
-0.0
-0.0
-0.0
-0.0
-0.0
-0.0
-0.0
-0.0
-0.0
-0.0
-0.0
-0.0
-0.0
-0.0
-0.0
-0.0
-0.0
-0.0
-0.0
-0.0
-0.0
-0.0
-0.0
-0.0
-0.0
-0.0
-0.0
-0.0
-0.0
-0.0
-0.0
-0.0
-0.0
-0.0
-0.0
-0.0
-0.0
-0.0
-0.0
-0.0
-0.0
-0.0
-0.0
-0.0
-0.0
-0.0
-0.0
-0.0
-0.0
-0.0
-0.0
-0.0
-0.0
-0.0
-0.0
-0.0
-0.0
-0.0
-0.0
-0.0
-0.0
-0.0
-0.0
-0.0
-0.0
-0.0
-0.0
-0.0
-0.0
-0.0
-0.0
-0.0
-0.0
-0.0
-0.0
-0.0
-0.0
-0.0
-0.0
-0.0
-0.0
-0.0
-0.0
-0.0
-0.0
-0.0
-0.0
-0.0
-0.0
-0.0
-0.0
-0.0
-0.0
-0.0
-0.0
-0.0
-0.0
-0.0
-0.0
-0.0
-0.0
-0.0
-0.0
-0.0
-0.0
-0.0
-0.0
-0.0
-0.0
-0.0
-0.0
-0.0
-0.0
-0.0
-0.0
-0.0
-0.0
-0.0
-0.0
-0.0
-0.0
-0.0
-0.0
-0.0
-0.0
-0.0
-0.0
-0.0
-0.0
-0.0
-0.0
-0.0
-0.0
-0.0
-0.0
-0.0
-0.0
-0.0
-0.0
-0.0
-0.0
-0.0
-0.0
-0.0
-0.0
-0.0
-0.0
-0.0
-0.0
-0.0
-0.0
-0.0
-0.0
-0.0
-0.0
-0.0
-0.0
-0.0
-0.0
-0.0
-0.0
-0.0
-0.0
-0.0
-0.0
-0.0
-0.0
-0.0
-0.0
-0.0
-0.0
-0.0
-0.0
-0.0
-0.0
-0.0
-0.0
-0.0
-0.0
-0.0
-0.0
-0.0
-0.0
-0.0
-0.0
-0.0
-0.0
-0.0
-0.0
-0.0
-0.0
-0.0
-0.0
-0.0
-0.0
-0.0
-0.0
-0.0
-0.0
-0.0
-0.0
-0.0
-0.0
-0.0
-0.0
-0.0
-0.0
-0.0
-0.0
-0.0
-0.0
-0.0
-0.0
-0.0
-0.0
-0.0
-0.0
-0.0
-0.0
-0.0
-0.0
-0.0
-0.0
-0.0
-0.0
-0.0
-0.0
-0.0
-0.0
-0.0
-0.0
-0.0
-0.0
-0.0
-0.0
-0.0
-0.0
-0.0
-0.0
-0.0
-0.0
-0.0
-0.0
-0.0
-0.0
-0.0
-0.0
-0.0
-0.0
-0.0
-0.0
-0.0
-0.0
-0.0
-0.0
-0.0
-0.0
-0.0
-0.0
-0.0
-0.0
-0.0
-0.0
-0.0
-0.0
-0.0
-0.0
-0.0
-0.0
-0.0
-0.0
-0.0
-0.0
-0.0
-0.0
-0.0
-0.0
-0.0
-0.0
-0.0
-0.0
-0.0
-0.0
-0.0
-0.0
-0.0
-0.0
-0.0
-0.0
-0.0
-0.0
-0.0
-0.0
-0.0
-0.0
-0.0
-0.0
-0.0
-0.0
-0.0
-0.0
-0.0
-0.0
-0.0
-0.0
-0.0
-0.0
-0.0
-0.0
-0.0
-0.0
-0.0
-0.0
-0.0
-0.0
-0.0
-0.0
-0.0
-0.0
-0.0
-0.0
-0.0
-0.0
-0.0
-0.0
-0.0
-0.0
-0.0
-0.0
-0.0
-0.0
-0.0
-0.0
-0.0
-0.0
-0.0
-0.0
-0.0
-0.0
-0.0
-0.0
-0.0
-0.0
-0.0
-0.0
-0.0
-0.0
-0.0
-0.0
-0.0
-0.0
-0.0
-0.0
-0.0
-0.0
-0.0
-0.0
-0.0
-0.0
-0.0
-0.0
-0.0
-0.0
-0.0
-0.0
-0.0
-0.0
-0.0
-0.0
-0.0
-0.0
-0.0
-0.0
-0.0
-0.0
-0.0
-0.0
-0.0
-0.0
-0.0
-0.0
-0.0
-0.0
-0.0
-0.0
-0.0
-0.0
-0.0
-0.0
-0.0
-0.0
-0.0
-0.0
-0.0
-0.0
-0.0
-0.0
-0.0
-0.0
-0.0
-0.0
-0.0
-0.0
-0.0
-0.0
-0.0
-0.0
-0.0
-0.0
-0.0
-0.0
-0.0
-0.0
-0.0
-0.0
-0.0
-0.0
-0.0
-0.0
-0.0
-0.0
-0.0
-0.0
-0.0
-0.0
-0.0
-0.0
-0.0
-0.0
-0.0
-0.0
-0.0
-0.0
-0.0
-0.0
-0.0
-0.0
-0.0
-0.0
-0.0
-0.0
-0.0
-0.0
-0.0
-0.0
-0.0
-0.0
-0.0
-0.0
-0.0
-0.0
-0.0
-0.0
-0.0
-0.0
-0.0
-0.0
-0.0
-0.0
-0.0
-0.0
-0.0
-0.0
-0.0
-0.0
-0.0
-0.0
-0.0
-0.0
-0.0
-0.0
-0.0
-0.0
-0.0
-0.0
-0.0
-0.0
-0.0
-0.0
-0.0
-0.0
-0.0
-0.0
-0.0
-0.0
-0.0
-0.0
-0.0
-0.0
-0.0
-0.0
-0.0
-0.0
-0.0
-0.0
-0.0
-0.0
-0.0
-0.0
-0.0
-0.0
-0.0
-0.0
-0.0
-0.0
-0.0
-0.0
-0.0
-0.0
-0.0
-0.0
-0.0
-0.0
-0.0
-0.0
-0.0
-0.0
-0.0
-0.0
-0.0
-0.0
-0.0
-0.0
-0.0
-0.0
-0.0
-0.0
-0.0
-0.0
-0.0
-0.0
-0.0
-0.0
-0.0
-0.0
-0.0
-0.0
-0.0
-0.0
-0.0
-0.0
-0.0
-0.0
-0.0
-0.0
-0.0
-0.0
-0.0
-0.0
-0.0
-0.0
-0.0
-0.0
-0.0
-0.0
-0.0
-0.0
-0.0
-0.0
-0.0
-0.0
-0.0
-0.0
-0.0
-0.0
-0.0
-0.0
-0.0
-0.0
-0.0
-0.0
-0.0
-0.0
-0.0
-0.0
-0.0
-0.0
-0.0
-0.0
-0.0
-0.0
-0.0
-0.0
-0.0
-0.0
-0.0
-0.0
-0.0
-0.0
-0.0
-0.0
-0.0
-0.0
-0.0
-0.0
-0.0
-0.0
-0.0
-0.0
-0.0
-0.0
-0.0
-0.0
-0.0
-0.0
-0.0
-0.0
-0.0
-0.0
-0.0
-0.0
-0.0
-0.0
-0.0
-0.0
-0.0
-0.0
-0.0
-0.0
-0.0
-0.0
-0.0
-0.0
-0.0
-0.0
-0.0
-0.0
-0.0
-0.0
-0.0
-0.0
-0.0
-0.0
-0.0
-0.0
-0.0
-0.0
-0.0
-0.0
-0.0
-0.0
-0.0
-0.0
-0.0
-0.0
-0.0
-0.0
-0.0
-0.0
-0.0
-0.0
-0.0
-0.0
-0.0
-0.0
-0.0
-0.0
-0.0
-0.0
-0.0
-0.0
-0.0
-0.0
-0.0
-0.0
-0.0
-0.0
-0.0
-0.0
-0.0
-0.0
-0.0
-0.0
-0.0
-0.0
-0.0
-0.0
-0.0
-0.0
-0.0
-0.0
-0.0
-0.0
-0.0
-0.0
-0.0
-0.0
-0.0
-0.0
-0.0
-0.0
-0.0
-0.0
-0.0
-0.0
-0.0
-0.0
-0.0
-0.0
-0.0
-0.0
-0.0
-0.0
-0.0
-0.0
-0.0
-0.0
-0.0
-0.0
-0.0
-0.0
-0.0
-0.0
-0.0
-0.0
-0.0
-0.0
-0.0
-0.0
-0.0
-0.0
-0.0
-0.0
-0.0
-0.0
-0.0
-0.0
-0.0
-0.0
-0.0
-0.0
-0.0
-0.0
-0.0
-0.0
-0.0
-0.0
-0.0
-0.0
-0.0
-0.0
-0.0
-0.0
-0.0
-0.0
-0.0
-0.0
-0.0
-0.0
-0.0
-0.0
-0.0
-0.0
-0.0
-0.0
-0.0
-0.0
-0.0
-0.0
-0.0
-0.0
-0.0
-0.0
-0.0
-0.0
-0.0
-0.0
-0.0
-0.0
-0.0
-0.0
-0.0
-0.0
-0.0
-0.0
-0.0
-0.0
-0.0
-0.0
-0.0
-0.0
-0.0
-0.0
-0.0
-0.0
-0.0
-0.0
-0.0
-0.0
-0.0
-0.0
-0.0
-0.0
-0.0
-0.0
-0.0
-0.0
-0.0
-0.0
-0.0
-0.0
-0.0
-0.0
-0.0
-0.0
-0.0
-0.0
-0.0
-0.0
-0.0
-0.0
-0.0
-0.0
-0.0
-0.0
-0.0
-0.0
-0.0
-0.0
-0.0
-0.0
-0.0
-0.0
-0.0
-0.0
-0.0
-0.0
-0.0
-0.0
-0.0
-0.0
-0.0
-0.0
-0.0
-0.0
-0.0
-0.0
-0.0
-0.0
-0.0
-0.0
-0.0
-0.0
-0.0
-0.0
