10.119059562683105
10.121060371398926
10.123061180114746
10.125062942504883
10.127063751220703
10.129064559936523
10.131065368652344
10.133066177368164
10.135066986083984
10.137068748474121
10.139069557189941
10.141070365905762
10.143071174621582
10.145072937011719
10.147073745727539
10.14907455444336
10.15107536315918
10.153076171875
10.15507698059082
10.157078742980957
10.159079551696777
10.161080360412598
10.163081169128418
10.165082931518555
10.167083740234375
10.169084548950195
10.171085357666016
10.173086166381836
10.175086975097656
10.177088737487793
10.179089546203613
10.181090354919434
10.183091163635254
10.18509292602539
10.187093734741211
10.189094543457031
10.191095352172852
10.193096160888672
10.195096969604492
10.197098731994629
10.19909954071045
10.20110034942627
10.20310115814209
10.205102920532227
10.207103729248047
10.209104537963867
10.211105346679688
10.213106155395508
10.215106964111328
10.217108726501465
10.219109535217285
10.221110343933105
10.223111152648926
10.225112915039062
10.227113723754883
10.229114532470703
10.231115341186523
10.233116149902344
10.23511791229248
10.2371187210083
10.239119529724121
10.241120338439941
10.243121147155762
10.245122909545898
10.247123718261719
10.249124526977539
10.25112533569336
10.25312614440918
10.255127906799316
10.257128715515137
10.259129524230957
10.261130332946777
10.263131141662598
10.265132904052734
10.267133712768555
10.269134521484375
10.271135330200195
10.273136138916016
10.275137901306152
10.277138710021973
10.279139518737793
10.281140327453613
10.283141136169434
10.28514289855957
10.28714370727539
10.289144515991211
10.291145324707031
10.293146133422852
10.295147895812988
10.297148704528809
10.299149513244629
10.30115032196045
10.30315113067627
10.305152893066406
10.307153701782227
10.309154510498047
10.311155319213867
10.313156127929688
10.315157890319824
10.317158699035645
10.319159507751465
10.321160316467285
10.323161125183105
10.325162887573242
10.327163696289062
10.329164505004883
10.331165313720703
10.333166122436523
10.33516788482666
10.33716869354248
10.3391695022583
10.341170310974121
10.343171119689941
10.345172882080078
10.347173690795898
10.349174499511719
10.351175308227539
10.35317611694336
10.355177879333496
10.357178688049316
10.359179496765137
10.361180305480957
10.363182067871094
10.365182876586914
10.367183685302734
10.369184494018555
10.371185302734375
10.373186111450195
10.375187873840332
10.377188682556152
10.379189491271973
10.381190299987793
10.38319206237793
10.38519287109375
10.38719367980957
10.38919448852539
10.391195297241211
10.393196105957031
10.395197868347168
10.397198677062988
10.399199485778809
10.401200294494629
10.403202056884766
10.405202865600586
10.407203674316406
10.409204483032227
10.411205291748047
10.413206100463867
10.415207862854004
10.417208671569824
10.419209480285645
10.421210289001465
10.423212051391602
10.425212860107422
10.427213668823242
10.429214477539062
10.431215286254883
10.433216094970703
10.43521785736084
10.43721866607666
10.43921947479248
10.4412202835083
10.443222045898438
10.445222854614258
10.447223663330078
10.449224472045898
10.451225280761719
10.453226089477539
10.455227851867676
10.457228660583496
10.459229469299316
10.461230278015137
10.463232040405273
10.465232849121094
10.467233657836914
10.469234466552734
10.471235275268555
10.473236083984375
10.475237846374512
10.477238655090332
10.479239463806152
10.481240272521973
10.48324203491211
10.48524284362793
10.48724365234375
10.48924446105957
10.49124526977539
10.493246078491211
10.495247840881348
10.497248649597168
10.499249458312988
10.501250267028809
10.503252029418945
10.505252838134766
10.507253646850586
10.509254455566406
10.511255264282227
10.513256072998047
10.515257835388184
10.517258644104004
10.519259452819824
10.521260261535645
10.523262023925781
10.525262832641602
10.527263641357422
10.529264450073242
10.531265258789062
10.533266067504883
10.53526782989502
10.53726863861084
10.53926944732666
10.54127025604248
10.543272018432617
10.545272827148438
10.547273635864258
10.549274444580078
10.551275253295898
10.553276062011719
10.555277824401855
10.557278633117676
10.559279441833496
10.561280250549316
10.563282012939453
10.565282821655273
10.567283630371094
10.569284439086914
10.571285247802734
10.573287010192871
10.575287818908691
10.577288627624512
10.579289436340332
10.581290245056152
10.583292007446289
10.58529281616211
10.58729362487793
10.58929443359375
10.59129524230957
10.593297004699707
10.595297813415527
10.597298622131348
10.599299430847168
10.601300239562988
10.603302001953125
10.605302810668945
10.607303619384766
10.609304428100586
10.611305236816406
10.613306999206543
10.615307807922363
10.617308616638184
10.619309425354004
10.621310234069824
10.623311996459961
10.625312805175781
10.627313613891602
10.629314422607422
10.631315231323242
10.633316993713379
10.6353178024292
10.63731861114502
10.63931941986084
10.64132022857666
10.643321990966797
10.645322799682617
10.647323608398438
10.649324417114258
10.651325225830078
10.653326988220215
10.655327796936035
10.657328605651855
10.659329414367676
10.661330223083496
10.663331985473633
10.665332794189453
10.667333602905273
10.669334411621094
10.671335220336914
10.67333698272705
10.675337791442871
10.677338600158691
10.679339408874512
10.681340217590332
10.683341979980469
10.685342788696289
10.68734359741211
10.68934440612793
10.69134521484375
10.693346977233887
10.695347785949707
10.697348594665527
10.699349403381348
10.701351165771484
10.703351974487305
10.705352783203125
10.707353591918945
10.709354400634766
10.711355209350586
10.713356971740723
10.715357780456543
10.717358589172363
10.719359397888184
10.72136116027832
10.72336196899414
10.725362777709961
10.727363586425781
10.729364395141602
10.731365203857422
10.733366966247559
10.735367774963379
10.7373685836792
10.73936939239502
10.741371154785156
10.743371963500977
10.745372772216797
10.747373580932617
10.749374389648438
10.751375198364258
10.753376960754395
10.755377769470215
10.757378578186035
10.759379386901855
10.761381149291992
10.763381958007812
10.765382766723633
10.767383575439453
10.769384384155273
10.771385192871094
10.77338695526123
10.77538776397705
10.777388572692871
10.779389381408691
10.781391143798828
10.783391952514648
10.785392761230469
10.787393569946289
10.78939437866211
10.79139518737793
10.793396949768066
10.795397758483887
10.797398567199707
10.799399375915527
10.801401138305664
10.803401947021484
10.805402755737305
10.807403564453125
10.809404373168945
10.811405181884766
10.813406944274902
10.815407752990723
10.817408561706543
10.819409370422363
10.8214111328125
10.82341194152832
10.82541275024414
10.827413558959961
10.829414367675781
10.831415176391602
10.833416938781738
10.835417747497559
10.837418556213379
10.8394193649292
10.841421127319336
10.843421936035156
10.845422744750977
10.847423553466797
10.849424362182617
10.851425170898438
10.853426933288574
10.855427742004395
10.857428550720215
10.859429359436035
10.861431121826172
10.863431930541992
10.865432739257812
10.867433547973633
10.869434356689453
10.871435165405273
10.87343692779541
10.87543773651123
10.87743854522705
10.879439353942871
10.881441116333008
10.883441925048828
10.885442733764648
10.887443542480469
10.889444351196289
10.89144515991211
10.893446922302246
10.895447731018066
10.897448539733887
10.899449348449707
10.901451110839844
10.903451919555664
10.905452728271484
10.907453536987305
10.909454345703125
10.911455154418945
10.913456916809082
10.915457725524902
10.917458534240723
10.919459342956543
10.92146110534668
10.9234619140625
10.92546272277832
10.92746353149414
10.929464340209961
10.931466102600098
10.933466911315918
10.935467720031738
10.937468528747559
10.939469337463379
10.941471099853516
10.943471908569336
10.945472717285156
10.947473526000977
10.949474334716797
10.951476097106934
10.953476905822754
10.955477714538574
10.957478523254395
10.959479331970215
10.961481094360352
10.963481903076172
10.965482711791992
10.967483520507812
10.969484329223633
10.97148609161377
10.97348690032959
10.97548770904541
10.97748851776123
10.97948932647705
10.981491088867188
10.983491897583008
10.985492706298828
10.987493515014648
10.989494323730469
10.991496086120605
10.993496894836426
10.995497703552246
10.997498512268066
10.999499320983887
11.001501083374023
11.003501892089844
11.005502700805664
11.007503509521484
11.009504318237305
11.011506080627441
11.013506889343262
11.015507698059082
11.017508506774902
11.019509315490723
11.02151107788086
11.02351188659668
11.0255126953125
11.02751350402832
11.02951431274414
11.031516075134277
11.033516883850098
11.035517692565918
11.037518501281738
11.039519309997559
11.041521072387695
11.043521881103516
11.045522689819336
11.047523498535156
11.049524307250977
11.051526069641113
11.053526878356934
11.055527687072754
11.057528495788574
11.059529304504395
11.061531066894531
11.063531875610352
11.065532684326172
11.067533493041992
11.069534301757812
11.07153606414795
11.07353687286377
11.07553768157959
11.07753849029541
11.07953929901123
11.081541061401367
11.083541870117188
11.085542678833008
11.087543487548828
11.089544296264648
11.091546058654785
11.093546867370605
11.095547676086426
11.097548484802246
11.099550247192383
11.101551055908203
11.103551864624023
11.105552673339844
11.107553482055664
11.109554290771484
11.111556053161621
11.113556861877441
11.115557670593262
11.117558479309082
11.119560241699219
11.121561050415039
11.12356185913086
11.12556266784668
11.1275634765625
11.12956428527832
11.131566047668457
11.133566856384277
11.135567665100098
11.137568473815918
11.139570236206055
11.141571044921875
11.143571853637695
11.145572662353516
11.147573471069336
11.149574279785156
11.151576042175293
11.153576850891113
11.155577659606934
11.157578468322754
11.15958023071289
11.161581039428711
11.163581848144531
11.165582656860352
11.167583465576172
11.169584274291992
11.171586036682129
11.17358684539795
11.17558765411377
11.17758846282959
11.179590225219727
11.181591033935547
11.183591842651367
11.185592651367188
11.187593460083008
11.189594268798828
11.191596031188965
11.193596839904785
11.195597648620605
11.197598457336426
11.199600219726562
11.201601028442383
11.203601837158203
11.205602645874023
11.207603454589844
11.20960521697998
11.2116060256958
11.213606834411621
11.215607643127441
11.217608451843262
11.219610214233398
11.221611022949219
11.223611831665039
11.22561264038086
11.22761344909668
11.229615211486816
11.231616020202637
11.233616828918457
11.235617637634277
11.237618446350098
11.239620208740234
11.241621017456055
11.243621826171875
11.245622634887695
11.247623443603516
11.249625205993652
11.251626014709473
11.253626823425293
11.255627632141113
11.257628440856934
11.25963020324707
11.26163101196289
11.263631820678711
11.265632629394531
11.267633438110352
11.269635200500488
11.271636009216309
11.273636817932129
11.27563762664795
11.27763843536377
11.279640197753906
11.281641006469727
11.283641815185547
11.285642623901367
11.287643432617188
11.289645195007324
11.291646003723145
11.293646812438965
11.295647621154785
11.297648429870605
11.299650192260742
11.301651000976562
11.303651809692383
11.305652618408203
11.307653427124023
11.30965518951416
11.31165599822998
11.3136568069458
11.315657615661621
11.317658424377441
11.319660186767578
11.321660995483398
11.323661804199219
11.325662612915039
11.32766342163086
11.329665184020996
11.331665992736816
11.333666801452637
11.335667610168457
11.337668418884277
11.339670181274414
11.341670989990234
11.343671798706055
11.345672607421875
11.347673416137695
11.349675178527832
11.351675987243652
11.353676795959473
11.355677604675293
11.357678413391113
11.35968017578125
11.36168098449707
11.36368179321289
11.365682601928711
11.367683410644531
11.369685173034668
11.371685981750488
11.373686790466309
11.375687599182129
11.37768840789795
11.379690170288086
11.381690979003906
11.383691787719727
11.385692596435547
11.387693405151367
11.389695167541504
11.391695976257324
11.393696784973145
11.395697593688965
11.397698402404785
11.399700164794922
11.401700973510742
11.403701782226562
11.405702590942383
11.407703399658203
11.40970516204834
11.41170597076416
11.41370677947998
11.4157075881958
11.417708396911621
11.419710159301758
11.421710968017578
11.423711776733398
11.425712585449219
11.427713394165039
11.429715156555176
11.431715965270996
11.433716773986816
11.435717582702637
11.437719345092773
11.439720153808594
11.441720962524414
11.443721771240234
11.445722579956055
11.447723388671875
11.449725151062012
11.451725959777832
11.453726768493652
11.455727577209473
11.45772933959961
11.45973014831543
11.46173095703125
11.46373176574707
11.46573257446289
11.467733383178711
11.469735145568848
11.471735954284668
11.473736763000488
11.475737571716309
11.477739334106445
11.479740142822266
11.481740951538086
11.483741760253906
11.485742568969727
11.487743377685547
11.489745140075684
11.491745948791504
11.493746757507324
11.495747566223145
11.497749328613281
11.499750137329102
11.501750946044922
11.503751754760742
11.505752563476562
11.507753372192383
11.50975513458252
11.51175594329834
11.51375675201416
11.51575756072998
11.517759323120117
11.519760131835938
11.521760940551758
11.523761749267578
11.525762557983398
11.527764320373535
11.529765129089355
11.531765937805176
11.533766746520996
11.535767555236816
11.537769317626953
11.539770126342773
11.541770935058594
11.543771743774414
11.545772552490234
11.547774314880371
11.549775123596191
11.551775932312012
11.553776741027832
11.555777549743652
11.557779312133789
11.55978012084961
11.56178092956543
11.56378173828125
11.56578254699707
11.567784309387207
11.569785118103027
11.571785926818848
11.573786735534668
11.575787544250488
11.577789306640625
11.579790115356445
11.581790924072266
11.583791732788086
11.585792541503906
11.587794303894043
11.589795112609863
11.591795921325684
11.593796730041504
11.595797538757324
11.597799301147461
11.599800109863281
11.601800918579102
11.603801727294922
11.605802536010742
11.607804298400879
11.6098051071167
11.61180591583252
11.61380672454834
11.61580753326416
11.617809295654297
11.619810104370117
11.621810913085938
11.623811721801758
11.625812530517578
11.627814292907715
11.629815101623535
11.631815910339355
11.633816719055176
11.635817527770996
11.637819290161133
11.639820098876953
11.641820907592773
11.643821716308594
11.645822525024414
11.64782428741455
11.649825096130371
11.651825904846191
11.653826713562012
11.655827522277832
11.657829284667969
11.659830093383789
11.66183090209961
11.66383171081543
11.66583251953125
11.667834281921387
11.669835090637207
11.671835899353027
11.673836708068848
11.675837516784668
11.677839279174805
11.679840087890625
11.681840896606445
11.683841705322266
11.685842514038086
11.687844276428223
11.689845085144043
11.691845893859863
11.693846702575684
11.695847511291504
11.69784927368164
11.699850082397461
11.701850891113281
11.703851699829102
11.705852508544922
11.707854270935059
11.709855079650879
11.7118558883667
11.71385669708252
11.71585750579834
11.717859268188477
11.719860076904297
11.721860885620117
11.723861694335938
11.725862503051758
11.727864265441895
11.729865074157715
11.731865882873535
11.733866691589355
11.735867500305176
11.737869262695312
11.739870071411133
11.741870880126953
11.743871688842773
11.745872497558594
11.74787425994873
11.74987506866455
11.751875877380371
11.753876686096191
11.755877494812012
11.757879257202148
11.759880065917969
11.761880874633789
11.76388168334961
11.76588249206543
11.767884254455566
11.769885063171387
11.771885871887207
11.773886680603027
11.775887489318848
11.777889251708984
11.779890060424805
11.781890869140625
11.783891677856445
11.785892486572266
11.787894248962402
11.789895057678223
11.791895866394043
11.793896675109863
11.795897483825684
11.79789924621582
11.79990005493164
11.801900863647461
11.803901672363281
11.805902481079102
11.807904243469238
11.809905052185059
11.811905860900879
11.8139066696167
11.815908432006836
11.817909240722656
11.819910049438477
11.821910858154297
11.823911666870117
11.825912475585938
11.827914237976074
11.829915046691895
11.831915855407715
11.833916664123535
11.835918426513672
11.837919235229492
11.839920043945312
11.841920852661133
11.843921661376953
11.84592342376709
11.84792423248291
11.84992504119873
11.85192584991455
11.853926658630371
11.855928421020508
11.857929229736328
11.859930038452148
11.861930847167969
11.863931655883789
11.865933418273926
11.867934226989746
11.869935035705566
11.871935844421387
11.873936653137207
11.875938415527344
11.877939224243164
11.879940032958984
11.881940841674805
11.883941650390625
11.885943412780762
11.887944221496582
11.889945030212402
11.891945838928223
11.893946647644043
11.89594841003418
11.89794921875
11.89995002746582
11.90195083618164
11.903951644897461
11.905953407287598
11.907954216003418
11.909955024719238
11.911955833435059
11.913956642150879
11.915958404541016
11.917959213256836
11.919960021972656
11.921960830688477
11.923961639404297
11.925963401794434
11.927964210510254
11.929965019226074
11.931965827941895
11.933966636657715
11.935968399047852
11.937969207763672
11.939970016479492
11.941970825195312
11.943971633911133
11.94597339630127
11.94797420501709
11.94997501373291
11.95197582244873
11.95397663116455
11.955978393554688
11.957979202270508
11.959980010986328
11.961980819702148
11.963981628417969
11.965983390808105
11.967984199523926
11.969985008239746
11.971985816955566
11.973986625671387
11.975988388061523
11.977989196777344
11.979990005493164
11.981990814208984
11.983991622924805
11.985993385314941
11.987994194030762
11.989995002746582
11.991995811462402
11.993996620178223
11.99599838256836
11.99799919128418
12.0
12.0
12.006503105163574
12.013006210327148
12.019509315490723
12.026013374328613
12.032516479492188
12.039019584655762
12.045522689819336
12.05202579498291
12.058528900146484
12.065032958984375
12.07153606414795
12.078039169311523
12.084542274475098
12.091045379638672
12.097548484802246
12.10405158996582
12.110555648803711
12.117058753967285
12.12356185913086
12.130064964294434
12.136568069458008
12.143071174621582
12.149575233459473
12.156078338623047
12.162581443786621
12.169084548950195
12.17558765411377
12.182090759277344
12.188593864440918
12.195097923278809
12.201601028442383
12.208104133605957
12.214607238769531
12.221110343933105
12.22761344909668
12.23411750793457
12.240620613098145
12.247123718261719
12.253626823425293
12.260129928588867
12.266633033752441
12.273136138916016
12.279640197753906
12.28614330291748
12.292646408081055
12.299149513244629
12.305652618408203
12.312155723571777
12.318659782409668
12.325162887573242
12.331665992736816
12.33816909790039
12.344672203063965
12.351175308227539
12.357678413391113
12.364182472229004
12.370685577392578
12.377188682556152
12.383691787719727
12.3901948928833
12.396697998046875
12.403202056884766
12.40970516204834
12.416208267211914
12.422711372375488
12.429214477539062
12.435717582702637
12.442220687866211
12.448724746704102
12.455227851867676
12.46173095703125
12.468234062194824
12.474737167358398
12.481240272521973
12.487744331359863
12.494247436523438
12.500750541687012
12.507253646850586
12.51375675201416
12.520259857177734
12.526762962341309
12.5332670211792
12.539770126342773
12.546273231506348
12.552776336669922
12.559279441833496
12.56578254699707
12.572286605834961
12.578789710998535
12.58529281616211
12.591795921325684
12.598299026489258
12.604802131652832
12.611305236816406
12.617809295654297
12.624312400817871
12.630815505981445
12.63731861114502
12.643821716308594
12.650324821472168
12.656828880310059
12.663331985473633
12.669835090637207
12.676338195800781
12.682841300964355
12.68934440612793
12.695847511291504
12.702351570129395
12.708854675292969
12.715357780456543
12.721860885620117
12.728363990783691
12.734867095947266
12.741371154785156
12.74787425994873
12.754377365112305
12.760880470275879
12.767383575439453
12.773886680603027
12.780389785766602
12.786893844604492
12.793396949768066
12.79990005493164
12.806403160095215
12.812906265258789
12.819409370422363
12.825913429260254
12.832416534423828
12.838919639587402
12.845422744750977
12.85192584991455
12.858428955078125
12.8649320602417
12.87143611907959
12.877939224243164
12.884442329406738
12.890945434570312
12.897448539733887
12.903951644897461
12.910455703735352
12.916958808898926
12.9234619140625
12.929965019226074
12.936468124389648
12.942971229553223
12.949474334716797
12.955978393554688
12.962481498718262
12.968984603881836
12.97548770904541
12.981990814208984
12.988493919372559
12.99499797821045
13.001501083374023
13.008004188537598
13.014507293701172
13.021010398864746
13.02751350402832
13.034017562866211
13.040520668029785
13.04702377319336
13.053526878356934
13.060029983520508
13.066533088684082
13.073036193847656
13.079540252685547
13.086043357849121
13.092546463012695
13.09904956817627
13.105552673339844
13.112055778503418
13.118558883666992
13.125062942504883
13.131566047668457
13.138069152832031
13.144572257995605
13.15107536315918
13.157578468322754
13.164081573486328
13.170585632324219
13.177088737487793
13.183591842651367
13.190094947814941
13.196598052978516
13.203102111816406
13.20960521697998
13.216108322143555
13.222611427307129
13.229114532470703
13.235617637634277
13.242120742797852
13.248624801635742
13.255127906799316
13.26163101196289
13.268134117126465
13.274637222290039
13.281140327453613
13.287643432617188
13.294147491455078
13.300650596618652
13.307153701782227
13.3136568069458
13.320159912109375
13.32666301727295
13.333166122436523
13.339670181274414
13.346173286437988
13.352676391601562
13.359179496765137
13.365682601928711
13.372186660766602
13.378689765930176
13.38519287109375
13.391695976257324
13.398199081420898
13.404702186584473
13.411205291748047
13.417709350585938
13.424212455749512
13.430715560913086
13.43721866607666
13.443721771240234
13.450224876403809
13.456727981567383
13.463232040405273
13.469735145568848
13.476238250732422
13.482741355895996
13.48924446105957
13.495747566223145
13.502250671386719
13.50875473022461
13.515257835388184
13.521760940551758
13.528264045715332
13.534767150878906
13.541271209716797
13.547774314880371
13.554277420043945
13.56078052520752
13.567283630371094
13.573786735534668
13.580289840698242
13.586793899536133
13.593297004699707
13.599800109863281
13.606303215026855
13.61280632019043
13.619309425354004
13.625812530517578
13.632316589355469
13.638819694519043
13.645322799682617
13.651825904846191
13.658329010009766
13.66483211517334
13.671335220336914
13.677839279174805
13.684342384338379
13.690845489501953
13.697348594665527
13.703851699829102
13.710355758666992
13.716858863830566
13.72336196899414
13.729865074157715
13.736368179321289
13.742871284484863
13.749374389648438
13.755878448486328
13.762381553649902
13.768884658813477
13.77538776397705
13.781890869140625
13.7883939743042
13.794897079467773
13.801401138305664
13.807904243469238
13.814407348632812
13.820910453796387
13.827413558959961
13.833916664123535
13.84041976928711
13.846923828125
13.853426933288574
13.859930038452148
13.866433143615723
13.872936248779297
13.879440307617188
13.885943412780762
13.892446517944336
13.89894962310791
13.905452728271484
13.911955833435059
13.918458938598633
13.924962997436523
13.931466102600098
13.937969207763672
13.944472312927246
13.95097541809082
13.957478523254395
13.963981628417969
13.97048568725586
13.976988792419434
13.983491897583008
13.989995002746582
13.996498107910156
14.00300121307373
14.009504318237305
14.016008377075195
14.02251148223877
14.029014587402344
14.035517692565918
14.042020797729492
14.048524856567383
14.05502700805664
14.061531066894531
14.068034172058105
14.07453727722168
14.081040382385254
14.087543487548828
14.094047546386719
14.100550651550293
14.107053756713867
14.113556861877441
14.120059967041016
14.12656307220459
14.133066177368164
14.139570236206055
14.146073341369629
14.152576446533203
14.159079551696777
14.165582656860352
14.172085762023926
14.1785888671875
14.18509292602539
14.191596031188965
14.198099136352539
14.204602241516113
14.211105346679688
14.217609405517578
14.224111557006836
14.230615615844727
14.2371187210083
14.243621826171875
14.25012493133545
14.256628036499023
14.263132095336914
14.269635200500488
14.276138305664062
14.282641410827637
14.289144515991211
14.295647621154785
14.30215072631836
14.30865478515625
14.315157890319824
14.321660995483398
14.328164100646973
14.334667205810547
14.341170310974121
14.347673416137695
14.354177474975586
14.36068058013916
14.367183685302734
14.373686790466309
14.380189895629883
14.386693954467773
14.393196105957031
14.399700164794922
14.406203269958496
14.41270637512207
14.419209480285645
14.425712585449219
14.43221664428711
14.438719749450684
14.445222854614258
14.451725959777832
14.458229064941406
14.46473217010498
14.471235275268555
14.477739334106445
14.48424243927002
14.490745544433594
14.497248649597168
14.503751754760742
14.510254859924316
14.51675796508789
14.523262023925781
14.529765129089355
14.53626823425293
14.542771339416504
14.549274444580078
14.555778503417969
14.562280654907227
14.568784713745117
14.575287818908691
14.581790924072266
14.58829402923584
14.594797134399414
14.601301193237305
14.607804298400879
14.614307403564453
14.620810508728027
14.627313613891602
14.633816719055176
14.64031982421875
14.64682388305664
14.653326988220215
14.659830093383789
14.666333198547363
14.672836303710938
14.679339408874512
14.685842514038086
14.692346572875977
14.69884967803955
14.705352783203125
14.7118558883667
14.718358993530273
14.724863052368164
14.731365203857422
14.737869262695312
14.744372367858887
14.750875473022461
14.757378578186035
14.76388168334961
14.7703857421875
14.776888847351074
14.783391952514648
14.789895057678223
14.796398162841797
14.802901268005371
14.809404373168945
14.815908432006836
14.82241153717041
14.828914642333984
14.835417747497559
14.841920852661133
14.848423957824707
14.854927062988281
14.861431121826172
14.867934226989746
14.87443733215332
14.880940437316895
14.887443542480469
14.89394760131836
14.900449752807617
14.906953811645508
14.913456916809082
14.919960021972656
14.92646312713623
14.932966232299805
14.939470291137695
14.94597339630127
14.952476501464844
14.958979606628418
14.965482711791992
14.971985816955566
14.97848892211914
14.984992980957031
14.991496086120605
14.99799919128418
15.004502296447754
15.011005401611328
15.017508506774902
15.024011611938477
15.030515670776367
15.037018775939941
15.043521881103516
15.05002498626709
15.056528091430664
15.063032150268555
15.069534301757812
15.076038360595703
15.082541465759277
15.089044570922852
15.095547676086426
15.10205078125
15.10855484008789
15.115057945251465
15.121561050415039
15.128064155578613
15.134567260742188
15.141070365905762
15.147573471069336
15.154077529907227
15.1605806350708
15.167083740234375
15.17358684539795
15.180089950561523
15.186593055725098
15.193096160888672
15.199600219726562
15.206103324890137
15.212606430053711
15.219109535217285
15.22561264038086
15.23211669921875
15.238618850708008
15.245122909545898
15.251626014709473
15.258129119873047
15.264632225036621
15.271135330200195
15.277639389038086
15.28414249420166
15.290645599365234
15.297148704528809
15.303651809692383
15.310154914855957
15.316658020019531
15.323162078857422
15.329665184020996
15.33616828918457
15.342671394348145
15.349174499511719
15.355677604675293
15.362180709838867
15.368684768676758
15.375187873840332
15.381690979003906
15.38819408416748
15.394697189331055
15.401201248168945
15.407703399658203
15.414207458496094
15.420710563659668
15.427213668823242
15.433716773986816
15.44021987915039
15.446723937988281
15.453227043151855
15.45973014831543
15.466233253479004
15.472736358642578
15.479239463806152
15.485742568969727
15.492246627807617
15.498749732971191
15.505252838134766
15.51175594329834
15.518259048461914
15.524762153625488
15.531265258789062
15.537769317626953
15.544272422790527
15.550775527954102
15.557278633117676
15.56378173828125
15.57028579711914
15.576787948608398
15.583292007446289
15.589795112609863
15.596298217773438
15.602801322937012
15.609304428100586
15.615808486938477
15.62231159210205
15.628814697265625
15.6353178024292
15.641820907592773
15.648324012756348
15.654827117919922
15.661331176757812
15.667834281921387
15.674337387084961
15.680840492248535
15.68734359741211
15.693846702575684
15.700349807739258
15.706853866577148
15.713356971740723
15.719860076904297
15.726363182067871
15.732866287231445
15.739370346069336
15.745872497558594
15.752376556396484
15.758879661560059
15.765382766723633
15.771885871887207
15.778388977050781
15.784893035888672
15.791396141052246
15.79789924621582
15.804402351379395
15.810905456542969
15.817408561706543
15.823911666870117
15.830415725708008
15.836918830871582
15.843421936035156
15.84992504119873
15.856428146362305
15.862931251525879
15.869434356689453
15.875938415527344
15.882441520690918
15.888944625854492
15.895447731018066
15.90195083618164
15.908454895019531
15.914957046508789
15.92146110534668
15.927964210510254
15.934467315673828
15.940970420837402
15.947473526000977
15.953977584838867
15.960480690002441
15.966983795166016
15.97348690032959
15.979990005493164
15.986493110656738
15.992996215820312
15.999500274658203
16.00600242614746
16.01250648498535
16.01900863647461
16.0255126953125
16.03201675415039
16.03851890563965
16.04502296447754
16.051525115966797
16.058029174804688
16.064533233642578
16.071035385131836
16.077539443969727
16.084041595458984
16.090545654296875
16.097049713134766
16.103551864624023
16.11005401611328
16.116558074951172
16.123062133789062
16.12956428527832
16.13606834411621
16.14257049560547
16.14907455444336
16.15557861328125
16.162080764770508
16.1685848236084
16.175086975097656
16.181591033935547
16.188095092773438
16.194597244262695
16.201101303100586
16.207603454589844
16.214107513427734
16.220611572265625
16.227113723754883
16.23361587524414
16.24011993408203
16.246623992919922
16.25312614440918
16.25963020324707
16.266132354736328
16.27263641357422
16.27914047241211
16.285642623901367
16.292146682739258
16.298648834228516
16.305152893066406
16.311656951904297
16.318159103393555
16.324663162231445
16.331165313720703
16.337669372558594
16.34417152404785
16.350675582885742
16.357177734375
16.36368179321289
16.37018585205078
16.37668800354004
16.38319206237793
16.389694213867188
16.396198272705078
16.40270233154297
16.409204483032227
16.415708541870117
16.422210693359375
16.428714752197266
16.435218811035156
16.441720962524414
16.448223114013672
16.454727172851562
16.461231231689453
16.46773338317871
16.4742374420166
16.48073959350586
16.48724365234375
16.49374771118164
16.5002498626709
16.50675392150879
16.513256072998047
16.519760131835938
16.526264190673828
16.532766342163086
16.539270401000977
16.545772552490234
16.552276611328125
16.558780670166016
16.565282821655273
16.57178497314453
16.578289031982422
16.584793090820312
16.59129524230957
16.59779930114746
16.60430145263672
16.61080551147461
16.6173095703125
16.623811721801758
16.63031578063965
16.636817932128906
16.643321990966797
16.649826049804688
16.656328201293945
16.662832260131836
16.669334411621094
16.675838470458984
16.682340621948242
16.688844680786133
16.69534683227539
16.70185089111328
16.708354949951172
16.71485710144043
16.72136116027832
16.727863311767578
16.73436737060547
16.74087142944336
16.747373580932617
16.753877639770508
16.760379791259766
16.766883850097656
16.773387908935547
16.779890060424805
16.786392211914062
16.792896270751953
16.799400329589844
16.8059024810791
16.812406539916992
16.81890869140625
16.82541275024414
16.83191680908203
16.83841896057129
16.84492301940918
16.851425170898438
16.857929229736328
16.86443328857422
16.870935440063477
16.877439498901367
16.883941650390625
16.890445709228516
16.896949768066406
16.903451919555664
16.909954071044922
16.916458129882812
16.922962188720703
16.92946434020996
16.93596839904785
16.94247055053711
16.948974609375
16.95547866821289
16.96198081970215
16.96848487854004
16.974987030029297
16.981491088867188
16.987995147705078
16.994497299194336
17.001001358032227
17.007503509521484
17.014007568359375
17.020509719848633
17.027013778686523
17.03351593017578
17.040019989013672
17.046524047851562
17.05302619934082
17.05953025817871
17.06603240966797
17.07253646850586
17.07904052734375
17.085542678833008
17.0920467376709
17.098548889160156
17.105052947998047
17.111557006835938
17.118059158325195
17.124561309814453
17.131065368652344
17.137569427490234
17.144071578979492
17.150575637817383
17.15707778930664
17.16358184814453
17.170085906982422
17.17658805847168
17.18309211730957
17.189594268798828
17.19609832763672
17.20260238647461
17.209104537963867
17.215608596801758
17.222110748291016
17.228614807128906
17.235118865966797
17.241621017456055
17.248123168945312
17.254627227783203
17.261131286621094
17.26763343811035
17.274137496948242
17.2806396484375
17.28714370727539
17.29364776611328
17.30014991760254
17.30665397644043
17.313156127929688
17.319660186767578
17.32616424560547
17.332666397094727
17.339170455932617
17.345672607421875
17.352176666259766
17.358678817749023
17.365182876586914
17.371685028076172
17.378189086914062
17.384693145751953
17.39119529724121
17.3976993560791
17.40420150756836
17.41070556640625
17.41720962524414
17.4237117767334
17.43021583557129
17.436717987060547
17.443222045898438
17.449726104736328
17.456228256225586
17.462730407714844
17.469234466552734
17.475738525390625
17.482240676879883
17.488744735717773
17.49524688720703
17.501750946044922
17.508255004882812
17.51475715637207
17.52126121520996
17.52776336669922
17.53426742553711
17.540771484375
17.547273635864258
17.55377769470215
17.560279846191406
17.566783905029297
17.573287963867188
17.579790115356445
17.586292266845703
17.592796325683594
17.599300384521484
17.605802536010742
17.612306594848633
17.61880874633789
17.62531280517578
17.631816864013672
17.63831901550293
17.64482307434082
17.651325225830078
17.65782928466797
17.66433334350586
17.670835494995117
17.677339553833008
17.683841705322266
17.690345764160156
17.696847915649414
17.703351974487305
17.709854125976562
17.716358184814453
17.722862243652344
17.7293643951416
17.735868453979492
17.74237060546875
17.74887466430664
17.75537872314453
17.76188087463379
17.76838493347168
17.774887084960938
17.781391143798828
17.78789520263672
17.794397354125977
17.800899505615234
17.807403564453125
17.813907623291016
17.820409774780273
17.826913833618164
17.833415985107422
17.839920043945312
17.846424102783203
17.85292625427246
17.85943031311035
17.86593246459961
17.8724365234375
17.87894058227539
17.88544273376465
17.89194679260254
17.898448944091797
17.904953002929688
17.911457061767578
17.917959213256836
17.924461364746094
17.930965423583984
17.937469482421875
17.943971633911133
17.950475692749023
17.95697784423828
17.963481903076172
17.969985961914062
17.97648811340332
17.98299217224121
17.98949432373047
17.99599838256836
18.00250244140625
18.009004592895508
18.0155086517334
18.022010803222656
18.028514862060547
18.035017013549805
18.041521072387695
18.048023223876953
18.054527282714844
18.061031341552734
18.067533493041992
18.074037551879883
18.08053970336914
18.08704376220703
18.093547821044922
18.10004997253418
18.10655403137207
18.113056182861328
18.11956024169922
18.12606430053711
18.132566452026367
18.139068603515625
18.145572662353516
18.152076721191406
18.158578872680664
18.165082931518555
18.171585083007812
18.178089141845703
18.184593200683594
18.19109535217285
18.197599411010742
18.2041015625
18.21060562133789
18.21710968017578
18.22361183166504
18.23011589050293
18.236618041992188
18.243122100830078
18.24962615966797
18.256128311157227
18.262630462646484
18.269134521484375
18.275638580322266
18.282140731811523
18.288644790649414
18.295146942138672
18.301651000976562
18.308155059814453
18.31465721130371
18.3211612701416
18.32766342163086
18.33416748046875
18.34067153930664
18.3471736907959
18.35367774963379
18.360179901123047
18.366683959960938
18.373186111450195
18.379690170288086
18.386192321777344
18.392696380615234
18.399200439453125
18.405702590942383
18.412206649780273
18.41870880126953
18.425212860107422
18.431716918945312
18.43821907043457
18.44472312927246
18.45122528076172
18.45772933959961
18.4642333984375
18.470735549926758
18.477237701416016
18.483741760253906
18.490245819091797
18.496747970581055
18.503252029418945
18.509754180908203
18.516258239746094
18.522762298583984
18.529264450073242
18.5357666015625
18.54227066040039
18.54877471923828
18.55527687072754
18.56178092956543
18.568283081054688
18.574787139892578
18.58129119873047
18.587793350219727
18.594297409057617
18.600799560546875
18.607303619384766
18.613807678222656
18.620309829711914
18.626813888549805
18.633316040039062
18.639820098876953
18.64632225036621
18.6528263092041
18.65932846069336
18.66583251953125
18.67233657836914
18.6788387298584
18.68534278869629
18.691844940185547
18.698348999023438
18.704853057861328
18.711355209350586
18.717859268188477
18.724361419677734
18.730865478515625
18.737369537353516
18.743871688842773
18.75037384033203
18.756877899169922
18.763381958007812
18.76988410949707
18.77638816833496
18.78289031982422
18.78939437866211
18.7958984375
18.802400588989258
18.80890464782715
18.815406799316406
18.821910858154297
18.828414916992188
18.834917068481445
18.841421127319336
18.847923278808594
18.854427337646484
18.860931396484375
18.867433547973633
18.87393569946289
18.88043975830078
18.886943817138672
18.89344596862793
18.89995002746582
18.906452178955078
18.91295623779297
18.91946029663086
18.925962448120117
18.932466506958008
18.938968658447266
18.945472717285156
18.951976776123047
18.958478927612305
18.964982986450195
18.971485137939453
18.977989196777344
18.9844913482666
18.990995407104492
18.99749755859375
19.00400161743164
19.01050567626953
19.01700782775879
19.02351188659668
19.030014038085938
19.036518096923828
19.04302215576172
19.049524307250977
19.056028366088867
19.062530517578125
19.069034576416016
19.075538635253906
19.082040786743164
19.088542938232422
19.095046997070312
19.101551055908203
19.10805320739746
19.11455726623535
19.12105941772461
19.1275634765625
19.13406753540039
19.14056968688965
19.14707374572754
19.153575897216797
19.160079956054688
19.166584014892578
19.173086166381836
19.179590225219727
19.186092376708984
19.192596435546875
19.199100494384766
19.205602645874023
19.21210479736328
19.218608856201172
19.225112915039062
19.23161506652832
19.23811912536621
19.24462127685547
19.25112533569336
19.25762939453125
19.264131546020508
19.2706356048584
19.277137756347656
19.283641815185547
19.290145874023438
19.296648025512695
19.303152084350586
19.309654235839844
19.316158294677734
19.322660446166992
19.329164505004883
19.33566665649414
19.34217071533203
19.348674774169922
19.35517692565918
19.36168098449707
19.368183135986328
19.37468719482422
19.38119125366211
19.387693405151367
19.394197463989258
19.400699615478516
19.407203674316406
19.413707733154297
19.420209884643555
19.426712036132812
19.433216094970703
19.439720153808594
19.44622230529785
19.452726364135742
19.459228515625
19.46573257446289
19.47223663330078
19.47873878479004
19.48524284362793
19.491744995117188
19.498249053955078
19.50475311279297
19.511255264282227
19.517759323120117
19.524261474609375
19.530765533447266
19.537269592285156
19.543771743774414
19.550273895263672
19.556777954101562
19.563282012939453
19.56978416442871
19.5762882232666
19.58279037475586
19.58929443359375
19.59579849243164
19.6023006439209
19.60880470275879
19.615306854248047
19.621810913085938
19.628314971923828
19.634817123413086
19.641321182250977
19.647823333740234
19.654327392578125
19.660829544067383
19.667333602905273
19.67383575439453
19.680339813232422
19.686843872070312
19.69334602355957
19.69985008239746
19.70635223388672
19.71285629272461
19.7193603515625
19.725862503051758
19.73236656188965
19.738868713378906
19.745372772216797
19.751876831054688
19.758378982543945
19.764881134033203
19.771385192871094
19.777889251708984
19.784391403198242
19.790895462036133
19.79739761352539
19.80390167236328
19.810405731201172
19.81690788269043
19.82341194152832
19.829914093017578
19.83641815185547
19.84292221069336
19.849424362182617
19.855928421020508
19.862430572509766
19.868934631347656
19.875438690185547
19.881940841674805
19.888442993164062
19.894947052001953
19.901451110839844
19.9079532623291
19.914457321166992
19.92095947265625
19.92746353149414
19.93396759033203
19.94046974182129
19.94697380065918
19.953475952148438
19.959980010986328
19.96648406982422
19.972986221313477
19.979490280151367
19.985992431640625
19.992496490478516
19.998998641967773
20.005502700805664
20.012004852294922
20.018508911132812
20.025012969970703
20.03151512145996
20.03801918029785
20.04452133178711
20.051025390625
20.05752944946289
20.06403160095215
20.07053565979004
20.077037811279297
20.083541870117188
20.090045928955078
20.096548080444336
20.103050231933594
20.109554290771484
20.116058349609375
20.122560501098633
20.129064559936523
20.13556671142578
20.142070770263672
20.148574829101562
20.15507698059082
20.16158103942871
20.16808319091797
20.17458724975586
20.18109130859375
20.187593460083008
20.1940975189209
20.200599670410156
20.207103729248047
20.213607788085938
20.220109939575195
20.226612091064453
20.233116149902344
20.239620208740234
20.246122360229492
20.252626419067383
20.25912857055664
20.26563262939453
20.272136688232422
20.27863883972168
20.28514289855957
20.291645050048828
20.29814910888672
20.30465316772461
20.311155319213867
20.317659378051758
20.324161529541016
20.330665588378906
20.337167739868164
20.343671798706055
20.350173950195312
20.356678009033203
20.363182067871094
20.36968421936035
20.376188278198242
20.3826904296875
20.38919448852539
20.39569854736328
20.40220069885254
20.40870475769043
20.415206909179688
20.421710968017578
20.42821502685547
20.434717178344727
20.441219329833984
20.447723388671875
20.454227447509766
20.460729598999023
20.467233657836914
20.473735809326172
20.480239868164062
20.486743927001953
20.49324607849121
20.4997501373291
20.50625228881836
20.51275634765625
20.51926040649414
20.5257625579834
20.53226661682129
20.538768768310547
20.545272827148438
20.551776885986328
20.558279037475586
20.564781188964844
20.571285247802734
20.577789306640625
20.584291458129883
20.590795516967773
20.59729766845703
20.603801727294922
20.610305786132812
20.61680793762207
20.62331199645996
20.62981414794922
20.63631820678711
20.642822265625
20.649324417114258
20.65582847595215
20.662330627441406
20.668834686279297
20.675336837768555
20.681840896606445
20.688343048095703
20.694847106933594
20.701351165771484
20.707853317260742
20.714357376098633
20.72085952758789
20.72736358642578
20.733867645263672
20.74036979675293
20.74687385559082
20.753376007080078
20.75988006591797
20.76638412475586
20.772886276245117
20.779388427734375
20.785892486572266
20.792396545410156
20.798898696899414
20.805402755737305
20.811904907226562
20.818408966064453
20.824913024902344
20.8314151763916
20.837919235229492
20.84442138671875
20.85092544555664
20.85742950439453
20.86393165588379
20.87043571472168
20.876937866210938
20.883441925048828
20.88994598388672
20.896448135375977
20.902950286865234
20.909454345703125
20.915958404541016
20.922460556030273
20.928964614868164
20.935466766357422
20.941970825195312
20.948474884033203
20.95497703552246
20.96148109436035
20.96798324584961
20.9744873046875
20.98099136352539
20.98749351501465
20.99399757385254
21.000499725341797
21.007003784179688
21.013505935668945
21.020009994506836
21.026512145996094
21.033016204833984
21.039520263671875
21.046022415161133
21.052526473999023
21.05902862548828
21.065532684326172
21.072036743164062
21.07853889465332
21.08504295349121
21.09154510498047
21.09804916381836
21.104551315307617
21.111055374145508
21.1175594329834
21.124061584472656
21.130565643310547
21.137067794799805
21.143571853637695
21.150074005126953
21.156578063964844
21.163082122802734
21.169584274291992
21.176088333129883
21.18259048461914
21.18909454345703
21.195598602294922
21.20210075378418
21.20860481262207
21.215106964111328
21.22161102294922
21.228113174438477
21.234617233276367
21.241119384765625
21.247623443603516
21.254127502441406
21.260629653930664
21.267133712768555
21.273635864257812
21.280139923095703
21.286643981933594
21.29314613342285
21.299650192260742
21.30615234375
21.31265640258789
21.31916046142578
21.32566261291504
21.33216667175293
21.338668823242188
21.345172882080078
21.351675033569336
21.358179092407227
21.364681243896484
21.371185302734375
21.377689361572266
21.384191513061523
21.390695571899414
21.397197723388672
21.403701782226562
21.410205841064453
21.41670799255371
21.4232120513916
21.42971420288086
21.43621826171875
21.442720413208008
21.4492244720459
21.45572853088379
21.462230682373047
21.468734741210938
21.475236892700195
21.481740951538086
21.488243103027344
21.494747161865234
21.501251220703125
21.507753372192383
21.514257431030273
21.52075958251953
21.527263641357422
21.533767700195312
21.54026985168457
21.54677391052246
21.55327606201172
21.55978012084961
21.566282272338867
21.572786331176758
21.579288482666016
21.585792541503906
21.592296600341797
21.598798751831055
21.605302810668945
21.611804962158203
21.618309020996094
21.624813079833984
21.631315231323242
21.637819290161133
21.64432144165039
21.65082550048828
21.657329559326172
21.66383171081543
21.67033576965332
21.676837921142578
21.68334197998047
21.689844131469727
21.696348190307617
21.702850341796875
21.709354400634766
21.715858459472656
21.722360610961914
21.728864669799805
21.735366821289062
21.741870880126953
21.748374938964844
21.7548770904541
21.761381149291992
21.76788330078125
21.77438735961914
21.7808895111084
21.78739356994629
21.79389762878418
21.800399780273438
21.806903839111328
21.813405990600586
21.819910049438477
21.826412200927734
21.832916259765625
21.839420318603516
21.845922470092773
21.852426528930664
21.858928680419922
21.865432739257812
21.871936798095703
21.87843894958496
21.88494300842285
21.89144515991211
21.89794921875
21.904451370239258
21.91095542907715
21.917457580566406
21.923961639404297
21.930465698242188
21.936967849731445
21.943471908569336
21.949974060058594
21.956478118896484
21.962982177734375
21.969484329223633
21.975988388061523
21.98249053955078
21.988994598388672
21.995498657226562
22.00200080871582
22.00850486755371
22.01500701904297
22.02151107788086
22.028013229370117
22.034517288208008
22.041019439697266
22.047523498535156
22.054027557373047
22.060529708862305
22.067033767700195
22.073535919189453
22.080039978027344
22.086544036865234
22.093046188354492
22.099550247192383
22.10605239868164
22.11255645751953
22.11905860900879
22.12556266784668
22.13206672668457
22.138568878173828
22.14507293701172
22.151575088500977
22.158079147338867
22.164581298828125
22.171085357666016
22.177589416503906
22.184091567993164
22.190595626831055
22.197097778320312
22.203601837158203
22.210105895996094
22.21660804748535
22.223112106323242
22.2296142578125
22.23611831665039
22.24262046813965
22.24912452697754
22.255626678466797
22.262130737304688
22.268634796142578
22.275136947631836
22.281641006469727
22.288143157958984
22.294647216796875
22.301151275634766
22.307653427124023
22.314157485961914
22.320659637451172
22.327163696289062
22.333667755126953
22.34016990661621
22.3466739654541
22.35317611694336
22.35968017578125
22.366182327270508
22.3726863861084
22.379188537597656
22.385692596435547
22.392196655273438
22.398698806762695
22.405202865600586
22.411705017089844
22.418209075927734
22.424713134765625
22.431215286254883
22.437719345092773
22.44422149658203
22.450725555419922
22.45722770690918
22.46373176574707
22.47023582458496
22.47673797607422
22.48324203491211
22.489744186401367
22.496248245239258
22.502750396728516
22.509254455566406
22.515758514404297
22.522260665893555
22.528764724731445
22.535266876220703
22.541770935058594
22.548274993896484
22.554777145385742
22.561281204223633
22.56778335571289
22.57428741455078
22.58078956604004
22.58729362487793
22.593795776367188
22.600299835205078
22.60680389404297
22.613306045532227
22.619810104370117
22.626312255859375
22.632816314697266
22.639320373535156
22.645822525024414
22.652326583862305
22.658828735351562
22.665332794189453
22.671836853027344
22.6783390045166
22.684843063354492
22.69134521484375
22.69784927368164
22.7043514251709
22.71085548400879
22.717357635498047
22.723861694335938
22.730365753173828
22.736867904663086
22.743371963500977
22.749874114990234
22.756378173828125
22.762882232666016
22.769384384155273
22.775888442993164
22.782390594482422
22.788894653320312
22.79539680480957
22.80190086364746
22.80840492248535
22.81490707397461
22.8214111328125
22.827913284301758
22.83441734313965
22.840919494628906
22.847423553466797
22.853927612304688
22.860429763793945
22.866933822631836
22.873435974121094
22.879940032958984
22.886444091796875
22.892946243286133
22.899450302124023
22.90595245361328
22.912456512451172
22.91895866394043
22.92546272277832
22.931964874267578
22.93846893310547
22.94497299194336
22.951475143432617
22.957979202270508
22.964481353759766
22.970985412597656
22.977489471435547
22.983991622924805
22.990495681762695
22.996997833251953
23.003501892089844
23.0100040435791
23.016508102416992
23.023012161254883
23.02951431274414
23.03601837158203
23.04252052307129
23.04902458190918
23.055526733398438
23.062030792236328
23.06853485107422
23.075037002563477
23.081541061401367
23.088043212890625
23.094547271728516
23.101051330566406
23.107553482055664
23.114057540893555
23.120559692382812
23.127063751220703
23.13356590270996
23.14006996154785
23.146574020385742
23.153076171875
23.15958023071289
23.16608238220215
23.17258644104004
23.179088592529297
23.185592651367188
23.192096710205078
23.198598861694336
23.205102920532227
23.211605072021484
23.218109130859375
23.224613189697266
23.231115341186523
23.237619400024414
23.244121551513672
23.250625610351562
23.25712776184082
23.26363182067871
23.2701358795166
23.27663803100586
23.28314208984375
23.289644241333008
23.2961483001709
23.302650451660156
23.309154510498047
23.315658569335938
23.322160720825195
23.328664779663086
23.335166931152344
23.341670989990234
23.348173141479492
23.354677200317383
23.361181259155273
23.36768341064453
23.374187469482422
23.38068962097168
23.38719367980957
23.393695831298828
23.40019989013672
23.40670394897461
23.413206100463867
23.419710159301758
23.426212310791016
23.432716369628906
23.439220428466797
23.445722579956055
23.452226638793945
23.458728790283203
23.465232849121094
23.47173500061035
23.478239059448242
23.484743118286133
23.49124526977539
23.49774932861328
23.50425148010254
23.51075553894043
23.517257690429688
23.523761749267578
23.53026580810547
23.536767959594727
23.543272018432617
23.549774169921875
23.556278228759766
23.562782287597656
23.569284439086914
23.575788497924805
23.582290649414062
23.588794708251953
23.59529685974121
23.6018009185791
23.608304977416992
23.61480712890625
23.62131118774414
23.6278133392334
23.63431739807129
23.640819549560547
23.647323608398438
23.653827667236328
23.660329818725586
23.666833877563477
23.673336029052734
23.679840087890625
23.686342239379883
23.692846298217773
23.699350357055664
23.705852508544922
23.712356567382812
23.71885871887207
23.72536277770996
23.73186492919922
23.73836898803711
23.744873046875
23.751375198364258
23.75787925720215
23.764381408691406
23.770885467529297
23.777389526367188
23.783891677856445
23.790395736694336
23.796897888183594
23.803401947021484
23.809904098510742
23.816408157348633
23.822912216186523
23.82941436767578
23.835918426513672
23.84242057800293
23.84892463684082
23.855426788330078
23.86193084716797
23.86843490600586
23.874937057495117
23.881441116333008
23.887943267822266
23.894447326660156
23.900951385498047
23.907453536987305
23.913957595825195
23.920459747314453
23.926963806152344
23.9334659576416
23.939970016479492
23.946474075317383
23.95297622680664
23.95948028564453
23.96598243713379
23.97248649597168
23.978988647460938
23.985492706298828
23.99199676513672
23.998498916625977
24.005002975463867
24.011505126953125
24.018009185791016
24.024511337280273
24.031015396118164
24.037519454956055
24.044021606445312
24.050525665283203
24.05702781677246
24.06353187561035
24.07003402709961
24.0765380859375
24.08304214477539
24.08954429626465
24.09604835510254
24.102550506591797
24.109054565429688
24.115558624267578
24.122060775756836
24.128564834594727
24.135066986083984
24.141571044921875
24.148073196411133
24.154577255249023
24.161081314086914
24.167583465576172
24.174087524414062
24.18058967590332
24.18709373474121
24.19359588623047
24.20009994506836
24.20660400390625
24.213106155395508
24.2196102142334
24.226112365722656
24.232616424560547
24.239120483398438
24.245622634887695
24.252126693725586
24.258628845214844
24.265132904052734
24.271635055541992
24.278139114379883
24.284643173217773
24.29114532470703
24.297649383544922
24.30415153503418
24.31065559387207
24.317157745361328
24.32366180419922
24.33016586303711
24.336668014526367
24.343172073364258
24.349674224853516
24.356178283691406
24.362680435180664
24.369184494018555
24.375688552856445
24.382190704345703
24.388694763183594
24.39519691467285
24.401700973510742
24.408203125
24.41470718383789
24.42121124267578
24.42771339416504
24.43421745300293
24.440719604492188
24.447223663330078
24.45372772216797
24.460229873657227
24.466733932495117
24.473236083984375
24.479740142822266
24.486242294311523
24.492746353149414
24.499250411987305
24.505752563476562
24.512256622314453
24.51875877380371
24.5252628326416
24.53176498413086
24.53826904296875
24.54477310180664
24.5512752532959
24.55777931213379
24.564281463623047
24.570785522460938
24.577289581298828
24.583791732788086
24.590295791625977
24.596797943115234
24.603302001953125
24.609804153442383
24.616308212280273
24.622812271118164
24.629314422607422
24.635818481445312
24.64232063293457
24.64882469177246
24.65532684326172
24.66183090209961
24.6683349609375
24.674837112426758
24.68134117126465
24.687843322753906
24.694347381591797
24.700849533081055
24.707353591918945
24.713857650756836
24.720359802246094
24.726863861083984
24.733366012573242
24.739870071411133
24.74637222290039
24.75287628173828
24.759380340576172
24.76588249206543
24.77238655090332
24.778888702392578
24.78539276123047
24.79189682006836
24.798398971557617
24.804903030395508
24.811405181884766
24.817909240722656
24.824411392211914
24.830915451049805
24.837419509887695
24.843921661376953
24.850425720214844
24.8569278717041
24.863431930541992
24.86993408203125
24.87643814086914
24.88294219970703
24.88944435119629
24.89594841003418
24.902450561523438
24.908954620361328
24.91545867919922
24.921960830688477
24.928464889526367
24.934967041015625
24.941471099853516
24.947973251342773
24.954477310180664
24.960981369018555
24.967483520507812
24.973987579345703
24.98048973083496
24.98699378967285
24.99349594116211
25.0
