0.0
0.0
0.0
0.0
0.0
0.0
0.0
0.0
0.0
0.0
0.0
0.0
0.0
0.0
0.0
0.0
0.0
0.0
0.0
0.0
0.0
0.0
0.0
0.0
0.0
0.0
0.0
0.0
0.0
0.0
0.0
0.0
0.0
0.0
0.0
0.0
0.0
0.0
0.0
0.0
0.0
0.0
0.0
0.0
0.0
0.0
0.0
0.0
0.0
0.0
0.0
0.0
0.0
0.0
0.0
0.0
0.0
0.0
0.0
0.0
0.0
0.0
0.0
0.0
0.0
0.0
0.0
0.0
0.0
0.0
0.0
0.0
0.0
0.0
0.0
0.0
0.0
0.0
0.0
0.0
0.0
0.0
0.0
0.0
0.0
0.0
0.0
0.0
0.0
0.0
0.0
0.0
0.0
0.0
0.0
0.0
0.0
0.0
0.0
0.0
0.0
0.0
0.0
0.0
0.0
0.0
0.0
0.0
0.0
0.0
0.0
0.0
0.0
0.0
0.0
0.0
0.0
0.0
0.0
0.0
0.0
0.0
0.0
0.0
0.0
0.0
0.0
0.0
0.0
0.0
0.0
0.0
0.0
0.0
0.0
0.0
0.0
0.0
0.0
0.0
0.0
0.0
0.0
0.0
0.0
0.0
0.0
0.0
0.0
0.0
0.0
0.0
0.0
0.0
0.0
0.0
0.0
0.0
0.0
0.0
0.0
0.0
0.0
0.0
0.0
0.0
0.0
0.0
0.0
0.0
0.0
0.0
0.0
0.0
0.0
0.0
0.0
0.0
0.0
0.0
0.0
0.0
0.0
0.0
0.0
0.0
0.0
0.0
0.0
0.0
0.0
0.0
0.0
0.0
0.0
0.0
0.0
0.0
0.0
0.0
0.0
0.0
0.0
0.0
0.0
0.0
0.0
0.0
0.0
0.0
0.0
0.0
0.0
0.0
0.0
0.0
0.0
0.0
0.0
0.0
0.0
0.0
0.0
0.0
0.0
0.0
0.0
0.0
0.0
0.0
0.0
0.0
0.0
0.0
0.0
0.0
0.0
0.0
0.0
0.0
0.0
0.0
0.0
0.0
0.0
0.0
0.0
0.0
0.0
0.0
0.0
0.0
0.0
0.0
0.0
0.0
0.0
0.0
0.0
0.0
0.0
0.0
0.0
0.0
0.0
0.0
0.0
0.0
0.0
0.0
0.0
0.0
0.0
0.0
0.0
0.0
0.0
0.0
0.0
0.0
0.0
0.0
0.0
0.0
0.0
0.0
0.0
0.0
0.0
0.0
0.0
0.0
0.0
0.0
0.0
0.0
0.0
0.0
0.0
0.0
0.0
0.0
0.0
0.0
0.0
0.0
0.0
0.0
0.0
0.0
0.0
0.0
0.0
0.0
0.0
0.0
0.0
0.0
0.0
0.0
0.0
0.0
0.0
0.0
0.0
0.0
0.0
0.0
0.0
0.0
0.0
0.0
0.0
0.0
0.0
0.0
0.0
0.0
0.0
0.0
0.0
0.0
0.0
0.0
0.0
0.0
0.0
0.0
0.0
0.0
0.0
0.0
0.0
0.0
0.0
0.0
0.0
0.0
0.0
0.0
0.0
0.0
0.0
0.0
0.0
0.0
0.0
0.0
0.0
0.0
0.0
0.0
0.0
0.0
0.0
0.0
0.0
0.0
0.0
0.0
0.0
0.0
0.0
0.0
0.0
0.0
0.0
0.0
0.0
0.0
0.0
0.0
0.0
0.0
0.0
0.0
0.0
0.0
0.0
0.0
0.0
0.0
0.0
0.0
0.0
0.0
0.0
0.0
0.0
0.0
0.0
0.0
0.0
0.0
0.0
0.0
0.0
0.0
0.0
0.0
0.0
0.0
0.0
0.0
0.0
0.0
0.0
0.0
0.0
0.0
0.0
0.0
0.0
0.0
0.0
0.0
0.0
0.0
0.0
0.0
0.0
0.0
0.0
0.0
0.0
0.0
0.0
0.0
0.0
0.0
0.0
0.0
0.0
0.0
0.0
0.0
0.0
0.0
0.0
0.0
0.0
0.0
0.0
0.0
0.0
0.0
0.0
0.0
0.0
0.0
0.0
0.0
0.0
0.0
0.0
0.0
0.0
0.0
0.0
0.0
0.0
0.0
0.0
0.0
0.0
0.0
0.0
0.0
0.0
0.0
0.0
0.0
0.0
0.0
0.0
0.0
0.0
0.0
0.0
0.0
0.0
0.0
0.0
0.0
0.0
0.0
0.0
0.0
0.0
0.0
0.0
0.0
0.0
0.0
0.0
0.0
0.0
0.0
0.0
0.0
0.0
0.0
0.0
0.0
0.0
0.0
0.0
0.0
0.0
0.0
0.0
0.0
0.0
0.0
0.0
0.0
0.0
0.0
0.0
0.0
0.0
0.0
0.0
0.0
0.0
0.0
0.0
0.0
0.0
0.0
0.0
0.0
0.0
0.0
0.0
0.0
0.0
0.0
0.0
0.0
0.0
0.0
0.0
0.0
0.0
0.0
0.0
0.0
0.0
0.0
0.0
0.0
0.0
0.0
0.0
0.0
0.0
0.0
0.0
0.0
0.0
0.0
0.0
0.0
0.0
0.0
0.0
0.0
0.0
0.0
0.0
0.0
0.0
0.0
0.0
0.0
0.0
0.0
0.0
0.0
0.0
0.0
0.0
0.0
0.0
0.0
0.0
0.0
0.0
0.0
0.0
0.0
0.0
0.0
0.0
0.0
0.0
0.0
0.0
0.0
0.0
0.0
0.0
0.0
0.0
0.0
0.0
0.0
0.0
0.0
0.0
0.0
0.0
0.0
0.0
0.0
0.0
0.0
0.0
0.0
0.0
0.0
0.0
0.0
0.0
0.0
0.0
0.0
0.0
0.0
0.0
0.0
0.0
0.0
0.0
0.0
0.0
0.0
0.0
0.0
0.0
0.0
0.0
0.0
0.0
0.0
0.0
0.0
0.0
0.0
0.0
0.0
0.0
0.0
0.0
0.0
0.0
0.0
0.0
0.0
0.0
0.0
0.0
0.0
0.0
0.0
0.0
0.0
0.0
0.0
0.0
0.0
0.0
0.0
0.0
0.0
0.0
0.0
0.0
0.0
0.0
0.0
0.0
0.0
0.0
0.0
0.0
0.0
0.0
0.0
0.0
0.0
0.0
0.0
0.0
0.0
0.0
0.0
0.0
0.0
0.0
0.0
0.0
0.0
0.0
0.0
0.0
0.0
0.0
0.0
0.0
0.0
0.0
0.0
0.0
0.0
0.0
0.0
0.0
0.0
0.0
0.0
0.0
0.0
0.0
0.0
0.0
0.0
0.0
0.0
0.0
0.0
0.0
0.0
0.0
0.0
0.0
0.0
0.0
0.0
0.0
0.0
0.0
0.0
0.0
0.0
0.0
0.0
0.0
0.0
0.0
0.0
0.0
0.0
0.0
0.0
0.0
0.0
0.0
0.0
0.0
0.0
0.0
0.0
0.0
0.0
0.0
0.0
0.0
0.0
0.0
0.0
0.0
0.0
0.0
0.0
0.0
0.0
0.0
0.0
0.0
0.0
0.0
0.0
0.0
0.0
0.0
0.0
0.0
0.0
0.0
0.0
0.0
0.0
0.0
0.0
0.0
0.0
0.0
0.0
0.0
0.0
0.0
0.0
0.0
0.0
0.0
0.0
0.0
0.0
0.0
0.0
0.0
0.0
0.0
0.0
0.0
0.0
0.0
0.0
0.0
0.0
0.0
0.0
0.0
0.0
0.0
0.0
0.0
0.0
0.0
0.0
0.0
0.0
0.0
0.0
0.0
0.0
0.0
0.0
0.0
0.0
0.0
0.0
0.0
0.0
0.0
0.0
0.0
0.0
0.0
0.0
0.0
0.0
0.0
0.0
0.0
0.0
0.0
0.0
0.0
0.0
0.0
0.0
0.0
0.0
0.0
0.0
0.0
0.0
0.0
0.0
0.0
0.0
0.0
0.0
0.0
0.0
0.0
0.0
0.0
0.0
0.0
0.0
0.0
0.0
0.0
0.0
0.0
0.0
0.0
0.0
0.0
0.0
0.0
0.0
0.0
0.0
0.0
0.0
0.0
0.0
0.0
0.0
0.0
0.0
0.0
0.0
0.0
0.0
0.0
0.0
0.0
0.0
0.0
0.0
0.0
0.0
0.0
0.0
0.0
0.0
0.0
0.0
0.0
0.0
0.0
0.0
0.0
0.0
0.0
0.0
0.0
0.0
0.0
0.0
0.0
0.0
0.0
0.0
0.0
0.0
0.0
0.0
0.0
0.0
0.0
0.0
0.0
0.0
0.0
0.0
0.0
0.0
0.0
0.0
0.0
0.0
0.0
0.0
0.0
0.0
0.0
0.0
0.0
0.0
0.0
0.0
0.0
0.0
0.0
0.0
0.0
0.0
0.0
0.0
0.0
0.0
0.0
0.0
0.0
0.0
0.0
0.0
0.0
0.0
0.0
0.0
0.0
0.0
0.0
0.0
0.0
0.0
0.0
0.0
0.0
0.0
0.0
0.0
0.0
0.0
0.0
0.0
0.0
0.0
0.0
0.0
0.0
0.0
0.0
0.0
0.0
0.0
0.0
0.0
0.0
0.0
0.0
0.0
0.0
0.0
0.0
0.0
0.0
0.0
0.0
0.0
0.0
0.0
0.0
0.0
0.0
0.0
0.0
0.0
0.0
0.0
0.0
0.0
0.0
0.0
0.0
0.0
0.0
0.0
0.0
0.0
0.0
0.0
0.0
0.0
0.0
0.0
0.0
0.0
0.0
0.0
0.0
0.0
0.0
0.0
0.0
0.0
0.0
0.0
0.0
0.0
0.0
0.0
0.0
0.0
0.0
0.0
0.0
0.0
0.0
0.0
0.0
0.0
0.0
0.0
0.0
0.0
0.0
0.0
0.0
0.0
0.0
0.0
0.0
0.0
0.0
0.0
0.0
0.0
0.0
0.0
0.0
0.0
0.0
0.0
0.0
0.0
0.0
0.0
0.0
0.0
0.0
0.0
0.0
0.0
0.0
0.0
0.0
0.0
0.0
0.0
0.0
0.0
0.0
0.0
0.0
0.0
0.0
0.0
0.0
0.0
0.0
0.0
0.0
0.0
0.0
0.0
0.0
0.0
0.0
0.0
0.0
0.0
0.0
0.0
0.0
0.0
0.0
0.0
0.0
0.0
0.0
0.0
0.0
0.0
0.0
0.0
0.0
0.0
0.0
0.0
0.0
0.0
0.0
0.0
0.0
0.0
0.0
0.0
0.0
0.0
0.0
0.0
0.0
0.0
0.0
0.0
0.0
0.0
0.0
0.0
0.0
0.0
0.0
0.0
0.0
0.0
0.0
0.0
0.0
0.0
0.0
0.0
0.0
0.0
0.0
0.0
0.0
0.0
0.0
0.0
0.0
0.0
0.0
0.0
0.0
0.0
0.0
0.0
0.0
0.0
0.0
0.0
0.0
0.0
0.0
0.0
0.0
0.0
0.0
0.0
0.0
0.0
0.0
0.0
0.0
0.0
0.0
0.0
0.0
0.0
0.0
0.0
0.0
0.0
0.0
0.0
0.0
0.0
0.0
0.0
0.0
0.0
0.0
0.0
0.0
0.0
0.0
0.0
0.0
0.0
0.0
0.0
0.0
0.0
0.0
0.0
0.0
0.0
0.0
0.0
0.0
0.0
0.0
0.0
0.0
0.0
0.0
0.0
0.0
0.0
0.0
0.0
0.0
0.0
0.0
0.0
0.0
0.0
0.0
0.0
0.0
0.0
0.0
0.0
0.0
0.0
0.0
0.0
0.0
0.0
0.0
0.0
0.0
0.0
0.0
0.0
0.0
0.0
0.0
0.0
0.0
0.0
0.0
0.0
0.0
0.0
0.0
0.0
0.0
0.0
0.0
0.0
0.0
0.0
0.0
0.0
0.0
0.0
0.0
0.0
0.0
0.0
0.0
0.0
0.0
0.0
0.0
0.0
0.0
0.0
0.0
0.0
0.0
0.0
0.0
0.0
0.0
0.0
0.0
0.0
0.0
0.0
0.0
0.0
0.0
0.0
0.0
0.0
0.0
0.0
0.0
0.0
0.0
0.0
0.0
0.0
0.0
0.0
0.0
0.0
0.0
0.0
0.0
0.0
0.0
0.0
0.0
0.0
0.0
0.0
0.0
0.0
0.0
0.0
0.0
0.0
0.0
0.0
0.0
0.0
0.0
0.0
0.0
0.0
0.0
0.0
0.0
0.0
0.0
0.0
0.0
0.0
0.0
0.0
0.0
0.0
0.0
0.0
0.0
0.0
0.0
0.0
0.0
0.0
0.0
0.0
0.0
0.0
0.0
0.0
0.0
0.0
0.0
0.0
0.0
0.0
0.0
0.0
0.0
0.0
0.0
0.0
0.0
0.0
0.0
0.0
0.0
0.0
0.0
0.0
0.0
0.0
0.0
0.0
0.0
0.0
0.0
0.0
0.0
0.0
0.0
0.0
0.0
0.0
0.0
0.0
0.0
0.0
0.0
0.0
0.0
0.0
0.0
0.0
0.0
0.0
0.0
0.0
0.0
0.0
0.0
0.0
0.0
0.0
0.0
0.0
0.0
0.0
0.0
0.0
0.0
0.0
0.0
0.0
0.0
0.0
0.0
0.0
0.0
0.0
0.0
0.0
0.0
0.0
0.0
0.0
0.0
0.0
0.0
0.0
0.0
0.0
0.0
0.0
0.0
0.0
0.0
0.0
0.0
0.0
0.0
0.0
0.0
0.0
0.0
0.0
0.0
0.0
0.0
0.0
0.0
0.0
0.0
0.0
0.0
0.0
0.0
0.0
0.0
0.0
0.0
0.0
0.0
0.0
0.0
0.0
0.0
0.0
0.0
0.0
0.0
0.0
0.0
0.0
0.0
0.0
0.0
0.0
0.0
0.0
0.0
0.0
0.0
0.0
0.0
0.0
0.0
0.0
0.0
0.0
0.0
0.0
0.0
0.0
0.0
0.0
0.0
0.0
0.0
0.0
0.0
0.0
0.0
0.0
0.0
0.0
0.0
0.0
0.0
0.0
0.0
0.0
0.0
0.0
0.0
0.0
0.0
0.0
0.0
0.0
0.0
0.0
0.0
0.0
0.0
0.0
0.0
0.0
0.0
0.0
0.0
0.0
0.0
0.0
0.0
0.0
0.0
0.0
0.0
0.0
0.0
0.0
0.0
0.0
0.0
0.0
0.0
0.0
0.0
0.0
0.0
0.0
0.0
0.0
0.0
0.0
0.0
0.0
0.0
0.0
0.0
0.0
0.0
0.0
0.0
0.0
0.0
0.0
0.0
0.0
0.0
0.0
0.0
0.0
0.0
0.0
0.0
0.0
0.0
0.0
0.0
0.0
0.0
0.0
0.0
0.0
0.0
0.0
0.0
0.0
0.0
0.0
0.0
0.0
0.0
0.0
0.0
0.0
0.0
0.0
0.0
0.0
0.0
0.0
0.0
0.0
0.0
0.0
0.0
0.0
0.0
0.0
0.0
0.0
0.0
0.0
0.0
0.0
0.0
0.0
0.0
0.0
0.0
0.0
0.0
0.0
0.0
0.0
0.0
0.0
0.0
0.0
0.0
0.0
0.0
0.0
0.0
0.0
0.0
0.0
0.0
0.0
0.0
0.0
0.0
0.0
0.0
0.0
0.0
0.0
0.0
0.0
0.0
0.0
0.0
0.0
0.0
0.0
0.0
0.0
0.0
0.0
0.0
0.0
0.0
0.0
0.0
0.0
0.0
0.0
0.0
0.0
0.0
0.0
0.0
0.0
0.0
0.0
0.0
0.0
0.0
0.0
0.0
0.0
0.0
0.0
0.0
0.0
0.0
0.0
0.0
0.0
0.0
0.0
0.0
0.0
0.0
0.0
0.0
0.0
0.0
0.0
0.0
0.0
0.0
0.0
0.0
0.0
0.0
0.0
0.0
0.0
0.0
0.0
0.0
0.0
0.0
0.0
0.0
0.0
0.0
0.0
0.0
0.0
0.0
0.0
0.0
0.0
0.0
0.0
0.0
0.0
0.0
0.0
0.0
0.0
0.0
0.0
0.0
0.0
0.0
0.0
0.0
0.0
0.0
0.0
0.0
0.0
0.0
0.0
0.0
0.0
0.0
0.0
0.0
0.0
0.0
0.0
0.0
0.0
0.0
0.0
0.0
0.0
0.0
0.0
0.0
0.0
0.0
0.0
0.0
0.0
0.0
0.0
0.0
0.0
0.0
0.0
0.0
0.0
0.0
0.0
0.0
0.0
0.0
0.0
0.0
0.0
0.0
0.0
0.0
0.0
0.0
0.0
0.0
0.0
0.0
0.0
0.0
0.0
0.0
0.0
0.0
0.0
0.0
0.0
0.0
0.0
0.0
0.0
0.0
0.0
0.0
0.0
0.0
0.0
0.0
0.0
0.0
0.0
0.0
0.0
0.0
0.0
0.0
0.0
0.0
0.0
0.0
0.0
0.0
0.0
0.0
0.0
0.0
0.0
0.0
0.0
0.0
0.0
0.0
0.0
0.0
0.0
0.0
0.0
0.0
0.0
0.0
0.0
0.0
0.0
0.0
0.0
0.0
0.0
0.0
0.0
0.0
0.0
0.0
0.0
0.0
0.0
0.0
0.0
0.0
0.0
0.0
0.0
0.0
0.0
0.0
0.0
0.0
0.0
0.0
0.0
0.0
0.0
0.0
0.0
0.0
0.0
0.0
0.0
0.0
0.0
0.0
0.0
0.0
0.0
0.0
0.0
0.0
0.0
0.0
0.0
0.0
0.0
0.0
0.0
0.0
0.0
0.0
0.0
0.0
0.0
0.0
0.0
0.0
0.0
0.0
0.0
0.0
0.0
0.0
0.0
0.0
0.0
0.0
0.0
0.0
0.0005333125591278076
0.0010659396648406982
0.0015978217124938965
0.002129003405570984
0.0026594698429107666
0.0031892359256744385
0.0037182867527008057
0.004246816039085388
0.004774436354637146
0.005301341414451599
0.005827546119689941
0.006353035569190979
0.006877809762954712
0.00740186870098114
0.007925227284431458
0.008447855710983276
0.008969798684120178
0.009491011500358582
0.010011523962020874
0.010531306266784668
0.011050373315811157
0.011568933725357056
0.012086600065231323
0.012603536248207092
0.01311977207660675
0.01363527774810791
0.014150097966194153
0.014664188027381897
0.01517757773399353
0.015690237283706665
0.01620219647884369
0.016713440418243408
0.017223984003067017
0.017733797430992126
0.018242910504341125
0.01875130832195282
0.01925918459892273
0.019766151905059814
0.02027241885662079
0.020777970552444458
0.021282806992530823
0.021786928176879883
0.022290349006652832
0.022793039679527283
0.023295029997825623
0.02379631996154785
0.024296879768371582
0.0247967392206192
0.025295883417129517
0.025794312357902527
0.026292026042938232
0.026789218187332153
0.02728550136089325
0.027781084179878235
0.028275951743125916
0.028770118951797485
0.029263556003570557
0.029756292700767517
0.030248314142227173
0.030739635229110718
0.031230226159095764
0.0317201167345047
0.03220927715301514
0.03269773721694946
0.03318549692630768
0.03367254137992859
0.03415903449058533
0.034644633531570435
0.035129547119140625
0.03561373054981232
0.036097198724746704
0.036579981446266174
0.03706201910972595
0.03754337131977081
0.038023993372917175
0.03850391507148743
0.038983121514320374
0.039461612701416016
0.03993938863277435
0.04041646420955658
0.040892988443374634
0.04136863350868225
0.041843563318252563
0.04231777787208557
0.04279129207134247
0.04326409101486206
0.04373617470264435
0.04420754313468933
0.0446782112121582
0.04514816403388977
0.04561738669872284
0.04608592391014099
0.046553730964660645
0.04702082276344299
0.047487229108810425
0.047953054308891296
0.048418015241622925
0.04888227581977844
0.049345821142196655
0.049808651208877563
0.05027076601982117
0.050732165575027466
0.05119284987449646
0.05165283381938934
0.05211210250854492
0.052570655941963196
0.053028494119644165
0.05348563194274902
0.05394205451011658
0.05439792573451996
0.0548529177904129
0.05530719459056854
0.05576077103614807
0.056213632225990295
0.056665778160095215
0.05711720883846283
0.057567939162254333
0.05801793932914734
0.05846723914146423
0.05891582369804382
0.0593637079000473
0.05981087684631348
0.060257330536842346
0.06070306897163391
0.06114809215068817
0.06159256398677826
0.062036171555519104
0.06247904896736145
0.06292124092578888
0.06336270272731781
0.06380346417427063
0.06424349546432495
0.06468282639980316
0.06512144207954407
0.06555935740470886
0.06599655747413635
0.06643304228782654
0.06686881184577942
0.067303866147995
0.0677383691072464
0.06817199289798737
0.06860491633415222
0.06903712451457977
0.06946863234043121
0.06989941000938416
0.07032948732376099
0.07075884938240051
0.07118749618530273
0.07161542773246765
0.07204265892505646
0.07246917486190796
0.07289497554302216
0.07332006096839905
0.07374444603919983
0.07416826486587524
0.07459120452404022
0.07501345872879028
0.07543498277664185
0.0758558064699173
0.07627590745687485
0.07669530063867569
0.07711398601531982
0.07753194868564606
0.07794920355081558
0.078365758061409
0.07878158241510391
0.07919670641422272
0.07961111515760422
0.08002495765686035
0.08043795078992844
0.08085022121667862
0.0812617763876915
0.08167263120412827
0.08208276331424713
0.08249218761920929
0.08290090411901474
0.08330889791250229
0.08371619135141373
0.08412276953458786
0.08452863991260529
0.08493378013372421
0.08533822745084763
0.08574195206165314
0.08614511787891388
0.08654742687940598
0.08694901317358017
0.08734989166259766
0.08775005489587784
0.08814951032400131
0.08854825794696808
0.08894629776477814
0.0893436074256897
0.08974021673202515
0.09013611078262329
0.09053130447864532
0.09092576801776886
0.09131952375173569
0.09171271324157715
0.09210505336523056
0.09249668568372726
0.09288759529590607
0.09327778965234756
0.09366726875305176
0.09405604749917984
0.09444411098957062
0.09483146667480469
0.09521809965372086
0.09560402482748032
0.09598924964666367
0.09637375175952911
0.09675754606723785
0.09714062511920929
0.09752298891544342
0.09790477901697159
0.0982857272028923
0.09866595268249512
0.09904547035694122
0.09942428022623062
0.09980237483978271
0.1001797541975975
0.10055642575025558
0.10093238204717636
0.10130763053894043
0.10168217122554779
0.10205598920583725
0.10242909938097
0.10280149430036545
0.10317331552505493
0.10354428738355637
0.10391455143690109
0.10428410023450851
0.10465294122695923
0.10502106696367264
0.10538848489522934
0.10575518757104874
0.10612117499113083
0.10648645460605621
0.1068510189652443
0.10721487551927567
0.10757801681756973
0.1079404428601265
0.10830216854810715
0.10866329818964005
0.10902359336614609
0.10938317328691483
0.10974203795194626
0.11010020226240158
0.110457643866539
0.11081437766551971
0.11117040365934372
0.11152570694684982
0.11188030242919922
0.1122341975569725
0.11258736252784729
0.11293982714414597
0.11329157650470734
0.11364274471998215
0.11399306356906891
0.11434268206357956
0.11469157785177231
0.11503976583480835
0.11538724601268768
0.11573400348424911
0.11608006060123444
0.11642540246248245
0.11677002906799316
0.11711394786834717
0.11745715141296387
0.11779964715242386
0.11814142763614655
0.11848249286413193
0.1188228502869606
0.11916261166334152
0.11950155347585678
0.11983977258205414
0.12017727643251419
0.12051407247781754
0.12085016071796417
0.1211855337023735
0.12152019143104553
0.12185414135456085
0.12218737602233887
0.12251990288496017
0.12285171449184418
0.12318281084299088
0.12351331859827042
0.1238429918885231
0.12417195737361908
0.12450020760297775
0.12482775002717972
0.12515458464622498
0.12548068165779114
0.12580609321594238
0.12613078951835632
0.12645477056503296
0.1267780363559723
0.12710058689117432
0.12742242217063904
0.12774357199668884
0.12806397676467896
0.12838369607925415
0.1287027895450592
0.1290210783481598
0.12933865189552307
0.12965551018714905
0.12997165322303772
0.13028709590435028
0.13060182332992554
0.1309158205986023
0.13122913241386414
0.13154171407222748
0.13185358047485352
0.13216474652290344
0.13247519731521606
0.13278493285179138
0.13309407234191895
0.13340239226818085
0.13370999693870544
0.13401688635349274
0.13432306051254272
0.1346285343170166
0.13493329286575317
0.13523733615875244
0.1355406641960144
0.13584327697753906
0.13614517450332642
0.13644638657569885
0.1367468535900116
0.13704663515090942
0.13734568655490875
0.13764414191246033
0.13794177770614624
0.13823869824409485
0.13853490352630615
0.13883039355278015
0.13912518322467804
0.13941925764083862
0.1397126168012619
0.14000527560710907
0.14029720425605774
0.1405884325504303
0.14087894558906555
0.1411687433719635
0.14145784080028534
0.14174631237983704
0.14203397929668427
0.1423209309577942
0.142607182264328
0.14289270341396332
0.14317752420902252
0.14346162974834442
0.14374502003192902
0.1440277099609375
0.14430966973304749
0.14459092915058136
0.14487147331237793
0.1451513022184372
0.14543043076992035
0.145708829164505
0.14598652720451355
0.14626361429691315
0.14653989672660828
0.1468154489994049
0.14709030091762543
0.14736443758010864
0.14763785898685455
0.14791056513786316
0.14818257093429565
0.14845386147499084
0.14872443675994873
0.1489942967891693
0.14926345646381378
0.14953190088272095
0.14979971945285797
0.15006673336029053
0.15033304691314697
0.15059863030910492
0.15086351335048676
0.1511276811361313
0.1513911336660385
0.15165388584136963
0.15191590785980225
0.15217722952365875
0.15243783593177795
0.15269774198532104
0.15295691788196564
0.15321539342403412
0.1534731537103653
0.15373019874095917
0.1539866328239441
0.15424224734306335
0.1544971615076065
0.15475136041641235
0.1550048440694809
0.15525761246681213
0.15550968050956726
0.15576103329658508
0.1560116708278656
0.1562615931034088
0.15651081502437592
0.1567593216896057
0.1570071130990982
0.15725427865982056
0.15750063955783844
0.1577463001012802
0.15799124538898468
0.15823547542095184
0.1584789901971817
0.15872180461883545
0.1589638888835907
0.15920527279376984
0.15944594144821167
0.1596859097480774
0.15992514789104462
0.16016368567943573
0.16040150821208954
0.16063861548900604
0.16087502241134644
0.16111069917678833
0.16134576499462128
0.16158002614974976
0.16181357204914093
0.1620464026927948
0.16227853298187256
0.162509948015213
0.16274064779281616
0.162970632314682
0.16319991648197174
0.16342848539352417
0.1636563390493393
0.16388347744941711
0.16410991549491882
0.1643357127904892
0.1645607054233551
0.1647850126028061
0.16500858962535858
0.16523146629333496
0.16545361280441284
0.1656750589609146
0.16589578986167908
0.16611582040786743
0.1663351207971573
0.16655372083187103
0.16677160561084747
0.1669887751340866
0.16720524430274963
0.16742098331451416
0.16763602197170258
0.16785043478012085
0.16806404292583466
0.16827693581581116
0.16848912835121155
0.16870060563087463
0.16891136765480042
0.16912142932415009
0.16933076083660126
0.16953939199447632
0.16974730789661407
0.16995452344417572
0.17016100883483887
0.1703667938709259
0.1705719381570816
0.17077629268169403
0.17097993195056915
0.17118285596370697
0.17138507962226868
0.17158658802509308
0.17178738117218018
0.17198747396469116
0.17218683660030365
0.17238549888134003
0.1725834459066391
0.17278069257736206
0.17297720909118652
0.17317302525043488
0.17336812615394592
0.17356251180171967
0.1737561821937561
0.1739492118358612
0.17414146661758423
0.17433300614356995
0.17452383041381836
0.17471395432949066
0.17490336298942566
0.17509204149246216
0.17528003454208374
0.17546729743480682
0.1756538450717926
0.17583969235420227
0.17602482438087463
0.17620931565761566
0.17639301717281342
0.17657601833343506
0.1767582893371582
0.17693985998630524
0.17712071537971497
0.17730087041854858
0.1774803102016449
0.1776590347290039
0.1778370440006256
0.17801433801651
0.1781909167766571
0.1783667951822281
0.17854195833206177
0.17871640622615814
0.1788901537656784
0.17906317114830017
0.1792355477809906
0.17940714955329895
0.1795780509710312
0.17974822223186493
0.17991769313812256
0.18008644878864288
0.1802544891834259
0.18042181432247162
0.18058843910694122
0.18075433373451233
0.18091952800750732
0.1810840219259262
0.1812477856874466
0.18141090869903564
0.18157324194908142
0.1817348748445511
0.18189580738544464
0.1820560097694397
0.18221551179885864
0.18237429857254028
0.18253237009048462
0.18268972635269165
0.18284638226032257
0.1830023229122162
0.1831575483083725
0.1833120584487915
0.1834658533334732
0.1836189478635788
0.18377132713794708
0.18392303586006165
0.18407399952411652
0.1842242330312729
0.18437376618385315
0.1845225840806961
0.18467068672180176
0.1848180890083313
0.18496476113796234
0.18511073291301727
0.1852559894323349
0.18540053069591522
0.18554437160491943
0.18568748235702515
0.18582993745803833
0.18597164750099182
0.18611262738704681
0.1862528920173645
0.18639245629310608
0.18653130531311035
0.18666943907737732
0.18680687248706818
0.18694357573986053
0.18707957863807678
0.18721486628055573
0.18734943866729736
0.1874833106994629
0.1876164674758911
0.18774889409542084
0.18788063526153564
0.18801164627075195
0.18814200162887573
0.18827158212661743
0.18840046226978302
0.1885286271572113
0.18865609169006348
0.18878282606601715
0.18890886008739471
0.18903417885303497
0.18915879726409912
0.18928268551826477
0.1894058734178543
0.18952834606170654
0.18965014815330505
0.18977119028568268
0.1898915320634842
0.1900111436843872
0.1901300549507141
0.1902482658624649
0.1903657466173172
0.19048252701759338
0.19059859216213226
0.19071394205093384
0.1908285766839981
0.19094249606132507
0.19105571508407593
0.19116821885108948
0.19128000736236572
0.19139109551906586
0.1915014535188675
0.1916111558675766
0.19172009825706482
0.19182832539081573
0.19193583726882935
0.19204264879226685
0.19214874505996704
0.19225412607192993
0.19235879182815552
0.192462757229805
0.19256599247455597
0.19266852736473083
0.1927703619003296
0.19287146627902985
0.19297190010547638
0.19307158887386322
0.19317056238651276
0.193268820643425
0.1933663785457611
0.19346320629119873
0.19355933368206024
0.19365474581718445
0.19374945759773254
0.19384343922138214
0.19393672049045563
0.1940292865037918
0.19412113726139069
0.19421227276325226
0.19430270791053772
0.19439242780208588
0.19448146224021912
0.19456975162029266
0.1946573406457901
0.19474419951438904
0.19483035802841187
0.1949158012866974
0.1950005441904068
0.1950845569372177
0.19516786932945251
0.19525046646595
0.1953323483467102
0.1954135298728943
0.19549398124217987
0.19557376205921173
0.1956527978181839
0.19573113322257996
0.19580873847007751
0.19588564336299896
0.1959618330001831
0.19603730738162994
0.19611206650733948
0.1961861252784729
0.19625945389270782
0.19633209705352783
0.19640401005744934
0.19647520780563354
0.19654570519924164
0.19661548733711243
0.1966845542192459
0.1967529058456421
0.19682057201862335
0.19688750803470612
0.19695372879505157
0.19701923429965973
0.19708402454853058
0.19714811444282532
0.19721148908138275
0.19727414846420288
0.1973360925912857
0.19739733636379242
0.19745784997940063
0.19751766324043274
0.19757676124572754
0.19763517379760742
0.1976928412914276
0.1977498084306717
0.19780606031417847
0.19786159694194794
0.1979164332151413
0.19797053933143616
0.1980239450931549
0.19807663559913635
0.1981286257505417
0.19817988574504852
0.19823044538497925
0.19828028976917267
0.19832941889762878
0.1983778327703476
0.1984255462884903
0.19847255945205688
0.19851884245872498
0.19856441020965576
0.19860926270484924
0.1986534148454666
0.19869685173034668
0.19873957335948944
0.1987815797328949
0.19882287085056305
0.1988634616136551
0.19890333712100983
0.19894249737262726
0.19898095726966858
0.1990187019109726
0.1990557312965393
0.1990920454263687
0.19912764430046082
0.1991625279188156
0.1991967111825943
0.19923017919063568
0.19926293194293976
0.19929496943950653
0.1993263065814972
0.19935692846775055
0.1993868350982666
0.19941602647304535
0.1994445025920868
0.19947227835655212
0.19949932396411896
0.19952568411827087
0.1995513141155243
0.1995762437582016
0.1996004432439804
0.1996239423751831
0.1996467262506485
0.19966880977153778
0.19969016313552856
0.19971081614494324
0.1997307538986206
0.19974997639656067
0.19976849853992462
0.19978629052639008
0.19980338215827942
0.19981975853443146
0.19983543455600739
0.19985038042068481
0.19986462593078613
0.19987815618515015
0.19989097118377686
0.19990307092666626
0.19991447031497955
0.19992515444755554
0.19993512332439423
0.1999443769454956
0.19995291531085968
0.19996075332164764
0.1999678760766983
0.19997428357601166
0.1999799758195877
0.19998496770858765
0.1999892294406891
0.19999279081821442
0.19999563694000244
0.19999778270721436
0.19999919831752777
0.19999991357326508
0.19999991357326508
0.19999919831752777
0.19999778270721436
0.19999563694000244
0.19999279081821442
0.1999892294406891
0.19998496770858765
0.1999799758195877
0.19997428357601166
0.1999678760766983
0.19996075332164764
0.19995291531085968
0.1999443769454956
0.19993512332439423
0.19992515444755554
0.19991447031497955
0.19990307092666626
0.19989097118377686
0.19987815618515015
0.19986462593078613
0.19985038042068481
0.19983543455600739
0.19981975853443146
0.19980338215827942
0.19978629052639008
0.19976849853992462
0.19974997639656067
0.1997307538986206
0.19971081614494324
0.19969016313552856
0.19966880977153778
0.1996467262506485
0.1996239423751831
0.1996004432439804
0.1995762437582016
0.1995513141155243
0.19952568411827087
0.19949932396411896
0.19947227835655212
0.1994445025920868
0.19941602647304535
0.1993868350982666
0.19935692846775055
0.1993263065814972
0.19929496943950653
0.19926293194293976
0.19923017919063568
0.1991967111825943
0.1991625279188156
0.19912764430046082
0.1990920454263687
0.1990557312965393
0.1990187019109726
0.19898095726966858
0.19894249737262726
0.19890333712100983
0.1988634616136551
0.19882287085056305
0.1987815797328949
0.19873957335948944
0.19869685173034668
0.1986534148454666
0.19860926270484924
0.19856441020965576
0.19851884245872498
0.19847255945205688
0.1984255462884903
0.1983778327703476
0.19832941889762878
0.19828028976917267
0.19823044538497925
0.19817988574504852
0.1981286257505417
0.19807663559913635
0.1980239450931549
0.19797053933143616
0.1979164332151413
0.19786159694194794
0.19780606031417847
0.1977498084306717
0.1976928412914276
0.19763517379760742
0.19757676124572754
0.19751766324043274
0.19745784997940063
0.19739733636379242
0.1973360925912857
0.19727414846420288
0.19721148908138275
0.19714811444282532
0.19708402454853058
0.19701923429965973
0.19695372879505157
0.19688750803470612
0.19682057201862335
0.1967529058456421
0.1966845542192459
0.19661548733711243
0.19654570519924164
0.19647520780563354
0.19640401005744934
0.19633209705352783
0.19625945389270782
0.1961861252784729
0.19611206650733948
0.19603730738162994
0.1959618330001831
0.19588564336299896
0.19580873847007751
0.19573113322257996
0.1956527978181839
0.19557376205921173
0.19549398124217987
0.1954135298728943
0.1953323483467102
0.19525046646595
0.19516786932945251
0.1950845569372177
0.1950005441904068
0.1949158012866974
0.19483035802841187
0.19474419951438904
0.1946573406457901
0.19456975162029266
0.19448146224021912
0.19439242780208588
0.19430270791053772
0.19421227276325226
0.19412113726139069
0.1940292865037918
0.19393672049045563
0.19384343922138214
0.19374945759773254
0.19365474581718445
0.19355933368206024
0.19346320629119873
0.1933663785457611
0.193268820643425
0.19317056238651276
0.19307158887386322
0.19297190010547638
0.19287146627902985
0.1927703619003296
0.19266852736473083
0.19256599247455597
0.192462757229805
0.19235879182815552
0.19225412607192993
0.19214874505996704
0.19204264879226685
0.19193583726882935
0.19182832539081573
0.19172009825706482
0.1916111558675766
0.1915014535188675
0.19139109551906586
0.19128000736236572
0.19116821885108948
0.19105571508407593
0.19094249606132507
0.1908285766839981
0.19071394205093384
0.19059859216213226
0.19048252701759338
0.1903657466173172
0.1902482658624649
0.1901300549507141
0.1900111436843872
0.1898915320634842
0.18977119028568268
0.18965014815330505
0.18952834606170654
0.1894058734178543
0.18928268551826477
0.18915879726409912
0.18903417885303497
0.18890886008739471
0.18878282606601715
0.18865609169006348
0.1885286271572113
0.18840046226978302
0.18827158212661743
0.18814200162887573
0.18801164627075195
0.18788063526153564
0.18774889409542084
0.1876164674758911
0.1874833106994629
0.18734943866729736
0.18721486628055573
0.18707957863807678
0.18694357573986053
0.18680687248706818
0.18666943907737732
0.18653130531311035
0.18639245629310608
0.1862528920173645
0.18611262738704681
0.18597164750099182
0.18582993745803833
0.18568748235702515
0.18554437160491943
0.18540053069591522
0.1852559894323349
0.18511073291301727
0.18496476113796234
0.1848180890083313
0.18467068672180176
0.1845225840806961
0.18437376618385315
0.1842242330312729
0.18407399952411652
0.18392303586006165
0.18377132713794708
0.1836189478635788
0.1834658533334732
0.1833120584487915
0.1831575483083725
0.1830023229122162
0.18284638226032257
0.18268972635269165
0.18253237009048462
0.18237429857254028
0.18221551179885864
0.1820560097694397
0.18189580738544464
0.1817348748445511
0.18157324194908142
0.18141090869903564
0.1812477856874466
0.1810840219259262
0.18091952800750732
0.18075433373451233
0.18058843910694122
0.18042181432247162
0.1802544891834259
0.18008644878864288
0.17991769313812256
0.17974822223186493
0.1795780509710312
0.17940714955329895
0.1792355477809906
0.17906317114830017
0.1788901537656784
0.17871640622615814
0.17854195833206177
0.1783667951822281
0.1781909167766571
0.17801433801651
0.1778370440006256
0.1776590347290039
0.1774803102016449
0.17730087041854858
0.17712071537971497
0.17693985998630524
0.1767582893371582
0.17657601833343506
0.17639301717281342
0.17620931565761566
0.17602482438087463
0.17583969235420227
0.1756538450717926
0.17546729743480682
0.17528003454208374
0.17509204149246216
0.17490336298942566
0.17471395432949066
0.17452383041381836
0.17433300614356995
0.17414146661758423
0.1739492118358612
0.1737561821937561
0.17356251180171967
0.17336812615394592
0.17317302525043488
0.17297720909118652
0.17278069257736206
0.1725834459066391
0.17238549888134003
0.17218683660030365
0.17198747396469116
0.17178738117218018
0.17158658802509308
0.17138507962226868
0.17118285596370697
0.17097993195056915
0.17077629268169403
0.1705719381570816
0.1703667938709259
0.17016100883483887
0.16995452344417572
0.16974730789661407
0.16953939199447632
0.16933076083660126
0.16912142932415009
0.16891136765480042
0.16870060563087463
0.16848912835121155
0.16827693581581116
0.16806404292583466
0.16785043478012085
0.16763602197170258
0.16742098331451416
0.16720524430274963
0.1669887751340866
0.16677160561084747
0.16655372083187103
0.1663351207971573
0.16611582040786743
0.16589578986167908
0.1656750589609146
0.16545361280441284
0.16523146629333496
0.16500858962535858
0.1647850126028061
0.1645607054233551
0.1643357127904892
0.16410991549491882
0.16388347744941711
0.1636563390493393
0.16342848539352417
0.16319991648197174
0.162970632314682
0.16274064779281616
0.162509948015213
0.16227853298187256
0.1620464026927948
0.16181357204914093
0.16158002614974976
0.16134576499462128
0.16111069917678833
0.16087502241134644
0.16063861548900604
0.16040150821208954
0.16016368567943573
0.15992514789104462
0.1596859097480774
0.15944594144821167
0.15920527279376984
0.1589638888835907
0.15872180461883545
0.1584789901971817
0.15823547542095184
0.15799124538898468
0.1577463001012802
0.15750063955783844
0.15725427865982056
0.1570071130990982
0.1567593216896057
0.15651081502437592
0.1562615931034088
0.1560116708278656
0.15576103329658508
0.15550968050956726
0.15525761246681213
0.1550048440694809
0.15475136041641235
0.1544971615076065
0.15424224734306335
0.1539866328239441
0.15373019874095917
0.1534731537103653
0.15321539342403412
0.15295691788196564
0.15269774198532104
0.15243783593177795
0.15217722952365875
0.15191590785980225
0.15165388584136963
0.1513911336660385
0.1511276811361313
0.15086351335048676
0.15059863030910492
0.15033304691314697
0.15006673336029053
0.14979971945285797
0.14953190088272095
0.14926345646381378
0.1489942967891693
0.14872443675994873
0.14845386147499084
0.14818257093429565
0.14791056513786316
0.14763785898685455
0.14736443758010864
0.14709030091762543
0.1468154489994049
0.14653989672660828
0.14626361429691315
0.14598652720451355
0.145708829164505
0.14543043076992035
0.1451513022184372
0.14487147331237793
0.14459092915058136
0.14430966973304749
0.1440277099609375
0.14374502003192902
0.14346162974834442
0.14317752420902252
0.14289270341396332
0.142607182264328
0.1423209309577942
0.14203397929668427
0.14174631237983704
0.14145784080028534
0.1411687433719635
0.14087894558906555
0.1405884325504303
0.14029720425605774
0.14000527560710907
0.1397126168012619
0.13941925764083862
0.13912518322467804
0.13883039355278015
0.13853490352630615
0.13823869824409485
0.13794177770614624
0.13764414191246033
0.13734568655490875
0.13704663515090942
0.1367468535900116
0.13644638657569885
0.13614517450332642
0.13584327697753906
0.1355406641960144
0.13523733615875244
0.13493329286575317
0.1346285343170166
0.13432306051254272
0.13401688635349274
0.13370999693870544
0.13340239226818085
0.13309407234191895
0.13278493285179138
0.13247519731521606
0.13216474652290344
0.13185358047485352
0.13154171407222748
0.13122913241386414
0.1309158205986023
0.13060182332992554
0.13028709590435028
0.12997165322303772
0.12965551018714905
0.12933865189552307
0.1290210783481598
0.1287027895450592
0.12838369607925415
0.12806397676467896
0.12774357199668884
0.12742242217063904
0.12710058689117432
0.1267780363559723
0.12645477056503296
0.12613078951835632
0.12580609321594238
0.12548068165779114
0.12515458464622498
0.12482775002717972
0.12450020760297775
0.12417195737361908
0.1238429918885231
0.12351331859827042
0.12318281084299088
0.12285171449184418
0.12251990288496017
0.12218737602233887
0.12185414135456085
0.12152019143104553
0.1211855337023735
0.12085016071796417
0.12051407247781754
0.12017727643251419
0.11983977258205414
0.11950155347585678
0.11916261166334152
0.1188228502869606
0.11848249286413193
0.11814142763614655
0.11779964715242386
0.11745715141296387
0.11711394786834717
0.11677002906799316
0.11642540246248245
0.11608006060123444
0.11573400348424911
0.11538724601268768
0.11503976583480835
0.11469157785177231
0.11434268206357956
0.11399306356906891
0.11364274471998215
0.11329157650470734
0.11293982714414597
0.11258736252784729
0.1122341975569725
0.11188030242919922
0.11152570694684982
0.11117040365934372
0.11081437766551971
0.110457643866539
0.11010020226240158
0.10974203795194626
0.10938317328691483
0.10902359336614609
0.10866329818964005
0.10830216854810715
0.1079404428601265
0.10757801681756973
0.10721487551927567
0.1068510189652443
0.10648645460605621
0.10612117499113083
0.10575518757104874
0.10538848489522934
0.10502106696367264
0.10465294122695923
0.10428410023450851
0.10391455143690109
0.10354428738355637
0.10317331552505493
0.10280149430036545
0.10242909938097
0.10205598920583725
0.10168217122554779
0.10130763053894043
0.10093238204717636
0.10055642575025558
0.1001797541975975
0.09980237483978271
0.09942428022623062
0.09904547035694122
0.09866595268249512
0.0982857272028923
0.09790477901697159
0.09752298891544342
0.09714062511920929
0.09675754606723785
0.09637375175952911
0.09598924964666367
0.09560402482748032
0.09521809965372086
0.09483146667480469
0.09444411098957062
0.09405604749917984
0.09366726875305176
0.09327778965234756
0.09288759529590607
0.09249668568372726
0.09210505336523056
0.09171271324157715
0.09131952375173569
0.09092576801776886
0.09053130447864532
0.09013611078262329
0.08974021673202515
0.0893436074256897
0.08894629776477814
0.08854825794696808
0.08814951032400131
0.08775005489587784
0.08734989166259766
0.08694901317358017
0.08654742687940598
0.08614511787891388
0.08574195206165314
0.08533822745084763
0.08493378013372421
0.08452863991260529
0.08412276953458786
0.08371619135141373
0.08330889791250229
0.08290090411901474
0.08249218761920929
0.08208276331424713
0.08167263120412827
0.0812617763876915
0.08085022121667862
0.08043795078992844
0.08002495765686035
0.07961111515760422
0.07919670641422272
0.07878158241510391
0.078365758061409
0.07794920355081558
0.07753194868564606
0.07711398601531982
0.07669530063867569
0.07627590745687485
0.0758558064699173
0.07543498277664185
0.07501345872879028
0.07459120452404022
0.07416826486587524
0.07374444603919983
0.07332006096839905
0.07289497554302216
0.07246917486190796
0.07204265892505646
0.07161542773246765
0.07118749618530273
0.07075884938240051
0.07032948732376099
0.06989941000938416
0.06946863234043121
0.06903712451457977
0.06860491633415222
0.06817199289798737
0.0677383691072464
0.067303866147995
0.06686881184577942
0.06643304228782654
0.06599655747413635
0.06555935740470886
0.06512144207954407
0.06468282639980316
0.06424349546432495
0.06380346417427063
0.06336270272731781
0.06292124092578888
0.06247904896736145
0.062036171555519104
0.06159256398677826
0.06114809215068817
0.06070306897163391
0.060257330536842346
0.05981087684631348
0.0593637079000473
0.05891582369804382
0.05846723914146423
0.05801793932914734
0.057567939162254333
0.05711720883846283
0.056665778160095215
0.056213632225990295
0.05576077103614807
0.05530719459056854
0.0548529177904129
0.05439792573451996
0.05394205451011658
0.05348563194274902
0.053028494119644165
0.052570655941963196
0.05211210250854492
0.05165283381938934
0.05119284987449646
0.050732165575027466
0.05027076601982117
0.049808651208877563
0.049345821142196655
0.04888227581977844
0.048418015241622925
0.047953054308891296
0.047487229108810425
0.04702082276344299
0.046553730964660645
0.04608592391014099
0.04561738669872284
0.04514816403388977
0.0446782112121582
0.04420754313468933
0.04373617470264435
0.04326409101486206
0.04279129207134247
0.04231777787208557
0.041843563318252563
0.04136863350868225
0.040892988443374634
0.04041646420955658
0.03993938863277435
0.039461612701416016
0.038983121514320374
0.03850391507148743
0.038023993372917175
0.03754337131977081
0.03706201910972595
0.036579981446266174
0.036097198724746704
0.03561373054981232
0.035129547119140625
0.034644633531570435
0.03415903449058533
0.03367254137992859
0.03318549692630768
0.03269773721694946
0.03220927715301514
0.0317201167345047
0.031230226159095764
0.030739635229110718
0.030248314142227173
0.029756292700767517
0.029263556003570557
0.028770118951797485
0.028275951743125916
0.027781084179878235
0.02728550136089325
0.026789218187332153
0.026292026042938232
0.025794312357902527
0.025295883417129517
0.0247967392206192
0.024296879768371582
0.02379631996154785
0.023295029997825623
0.022793039679527283
0.022290349006652832
0.021786928176879883
0.021282806992530823
0.020777970552444458
0.02027241885662079
0.019766151905059814
0.01925918459892273
0.01875130832195282
0.018242910504341125
0.017733797430992126
0.017223984003067017
0.016713440418243408
0.01620219647884369
0.015690237283706665
0.01517757773399353
0.014664188027381897
0.014150097966194153
0.01363527774810791
0.01311977207660675
0.012603536248207092
0.012086600065231323
0.011568933725357056
0.011050373315811157
0.010531306266784668
0.010011523962020874
0.009491011500358582
0.008969798684120178
0.008447855710983276
0.007925227284431458
0.00740186870098114
0.006877809762954712
0.006353035569190979
0.005827546119689941
0.005301341414451599
0.004774436354637146
0.004246816039085388
0.0037182867527008057
0.0031892359256744385
0.0026594698429107666
0.002129003405570984
0.0015978217124938965
0.0010659396648406982
0.0005333125591278076
0.0
0.0
0.0
0.0
0.0
0.0
0.0
0.0
0.0
0.0
0.0
0.0
0.0
0.0
0.0
0.0
0.0
0.0
0.0
0.0
0.0
0.0
0.0
0.0
0.0
0.0
0.0
0.0
0.0
0.0
0.0
0.0
0.0
0.0
0.0
0.0
0.0
0.0
0.0
0.0
0.0
0.0
0.0
0.0
0.0
0.0
0.0
0.0
0.0
0.0
0.0
0.0
0.0
0.0
0.0
0.0
0.0
0.0
0.0
0.0
0.0
0.0
0.0
0.0
0.0
0.0
0.0
0.0
0.0
0.0
0.0
0.0
0.0
0.0
0.0
0.0
0.0
0.0
0.0
0.0
0.0
0.0
0.0
0.0
0.0
0.0
0.0
0.0
0.0
0.0
0.0
0.0
0.0
0.0
0.0
0.0
0.0
0.0
0.0
0.0
0.0
0.0
0.0
0.0
0.0
0.0
0.0
0.0
0.0
0.0
0.0
0.0
0.0
0.0
0.0
0.0
0.0
0.0
0.0
0.0
0.0
0.0
0.0
0.0
0.0
0.0
0.0
0.0
0.0
0.0
0.0
0.0
0.0
0.0
0.0
0.0
0.0
0.0
0.0
0.0
0.0
0.0
0.0
0.0
0.0
0.0
0.0
0.0
0.0
0.0
0.0
0.0
0.0
0.0
0.0
0.0
0.0
0.0
0.0
0.0
0.0
0.0
0.0
0.0
0.0
0.0
0.0
0.0
0.0
0.0
0.0
0.0
0.0
0.0
0.0
0.0
0.0
0.0
0.0
0.0
0.0
0.0
0.0
0.0
0.0
0.0
0.0
0.0
0.0
0.0
0.0
0.0
0.0
0.0
0.0
0.0
0.0
0.0
0.0
0.0
0.0
0.0
0.0
0.0
0.0
0.0
0.0
0.0
0.0
0.0
0.0
0.0
0.0
0.0
0.0
0.0
0.0
0.0
0.0
0.0
0.0
0.0
0.0
0.0
0.0
0.0
0.0
0.0
0.0
0.0
0.0
0.0
0.0
0.0
0.0
0.0
0.0
0.0
0.0
0.0
0.0
0.0
0.0
0.0
0.0
0.0
0.0
0.0
0.0
0.0
0.0
0.0
0.0
0.0
0.0
0.0
0.0
0.0
0.0
0.0
0.0
0.0
0.0
0.0
0.0
0.0
0.0
0.0
0.0
0.0
0.0
0.0
0.0
0.0
0.0
0.0
0.0
0.0
0.0
0.0
0.0
0.0
0.0
0.0
0.0
0.0
0.0
0.0
0.0
0.0
0.0
0.0
0.0
0.0
0.0
0.0
0.0
0.0
0.0
0.0
0.0
0.0
0.0
0.0
0.0
0.0
0.0
0.0
0.0
0.0
0.0
0.0
0.0
0.0
0.0
0.0
0.0
0.0
0.0
0.0
0.0
0.0
0.0
0.0
0.0
0.0
0.0
0.0
0.0
0.0
0.0
0.0
0.0
0.0
0.0
0.0
0.0
0.0
0.0
0.0
0.0
0.0
0.0
0.0
0.0
0.0
0.0
0.0
0.0
0.0
0.0
0.0
0.0
0.0
0.0
0.0
0.0
0.0
0.0
0.0
0.0
0.0
0.0
0.0
0.0
0.0
0.0
0.0
0.0
0.0
0.0
0.0
0.0
0.0
0.0
0.0
0.0
0.0
0.0
0.0
0.0
0.0
0.0
0.0
0.0
0.0
0.0
0.0
0.0
0.0
0.0
0.0
0.0
0.0
0.0
0.0
0.0
0.0
0.0
0.0
0.0
0.0
0.0
0.0
0.0
0.0
0.0
0.0
0.0
0.0
0.0
0.0
0.0
0.0
0.0
0.0
0.0
0.0
0.0
0.0
0.0
0.0
0.0
0.0
0.0
0.0
0.0
0.0
0.0
0.0
0.0
0.0
0.0
0.0
0.0
0.0
0.0
0.0
0.0
0.0
0.0
0.0
0.0
0.0
0.0
0.0
0.0
0.0
0.0
0.0
0.0
0.0
0.0
0.0
0.0
0.0
0.0
0.0
0.0
0.0
0.0
0.0
0.0
0.0
0.0
0.0
0.0
0.0
0.0
0.0
0.0
0.0
0.0
0.0
0.0
0.0
0.0
0.0
0.0
0.0
0.0
0.0
0.0
0.0
0.0
0.0
0.0
0.0
0.0
0.0
0.0
0.0
0.0
0.0
0.0
0.0
0.0
0.0
0.0
0.0
0.0
0.0
0.0
0.0
0.0
0.0
0.0
0.0
0.0
0.0
0.0
0.0
0.0
0.0
0.0
0.0
0.0
0.0
0.0
0.0
0.0
0.0
0.0
0.0
0.0
0.0
0.0
0.0
0.0
0.0
0.0
0.0
0.0
0.0
0.0
0.0
0.0
0.0
0.0
0.0
0.0
0.0
0.0
0.0
0.0
0.0
0.0
0.0
0.0
0.0
0.0
0.0
0.0
0.0
0.0
0.0
0.0
0.0
0.0
0.0
0.0
0.0
0.0
0.0
0.0
0.0
0.0
0.0
0.0
0.0
0.0
0.0
0.0
0.0
0.0
0.0
0.0
0.0
0.0
0.0
0.0
0.0
0.0
0.0
0.0
0.0
0.0
0.0
0.0
0.0
0.0
0.0
0.0
0.0
0.0
0.0
0.0
0.0
0.0
0.0
0.0
0.0
0.0
0.0
0.0
0.0
0.0
0.0
0.0
0.0
0.0
0.0
0.0
0.0
0.0
0.0
0.0
0.0
0.0
0.0
0.0
0.0
0.0
0.0
0.0
0.0
0.0
0.0
0.0
0.0
0.0
0.0
0.0
0.0
0.0
0.0
0.0
0.0
0.0
0.0
0.0
0.0
0.0
0.0
0.0
0.0
0.0
0.0
0.0
0.0
0.0
0.0
0.0
0.0
0.0
0.0
0.0
0.0
0.0
0.0
0.0
0.0
0.0
0.0
0.0
0.0
0.0
0.0
0.0
0.0
0.0
0.0
0.0
0.0
0.0
0.0
0.0
0.0
0.0
0.0
0.0
0.0
0.0
0.0
0.0
0.0
0.0
0.0
0.0
0.0
0.0
0.0
0.0
0.0
0.0
0.0
0.0
0.0
0.0
0.0
0.0
0.0
0.0
0.0
0.0
0.0
0.0
0.0
0.0
0.0
0.0
0.0
0.0
0.0
0.0
0.0
0.0
0.0
0.0
0.0
0.0
0.0
0.0
0.0
0.0
0.0
0.0
0.0
0.0
0.0
0.0
0.0
0.0
0.0
0.0
0.0
0.0
0.0
0.0
0.0
0.0
0.0
0.0
0.0
0.0
0.0
0.0
0.0
0.0
0.0
0.0
0.0
0.0
0.0
0.0
0.0
0.0
0.0
0.0
0.0
0.0
0.0
0.0
0.0
0.0
0.0
0.0
0.0
0.0
0.0
0.0
0.0
0.0
0.0
0.0
0.0
0.0
0.0
0.0
0.0
0.0
0.0
0.0
0.0
0.0
0.0
0.0
0.0
0.0
0.0
0.0
0.0
0.0
0.0
0.0
0.0
0.0
0.0
0.0
0.0
0.0
0.0
0.0
0.0
0.0
0.0
0.0
0.0
0.0
0.0
0.0
0.0
0.0
0.0
0.0
0.0
0.0
0.0
0.0
0.0
0.0
0.0
0.0
0.0
0.0
0.0
0.0
0.0
0.0
0.0
0.0
0.0
0.0
0.0
0.0
0.0
0.0
0.0
0.0
0.0
0.0
0.0
0.0
0.0
0.0
0.0
0.0
0.0
0.0
0.0
0.0
0.0
0.0
0.0
0.0
0.0
0.0
0.0
0.0
0.0
0.0
0.0
0.0
0.0
0.0
0.0
0.0
0.0
0.0
0.0
0.0
0.0
0.0
0.0
0.0
0.0
0.0
0.0
0.0
0.0
0.0
0.0
0.0
0.0
0.0
0.0
0.0
0.0
0.0
0.0
0.0
0.0
0.0
0.0
0.0
0.0
0.0
0.0
0.0
0.0
0.0
0.0
0.0
0.0
0.0
0.0
0.0
0.0
0.0
0.0
0.0
0.0
0.0
0.0
0.0
0.0
0.0
0.0
0.0
0.0
0.0
0.0
0.0
0.0
0.0
0.0
0.0
0.0
0.0
0.0
0.0
0.0
0.0
0.0
0.0
0.0
0.0
0.0
0.0
0.0
0.0
0.0
0.0
0.0
0.0
0.0
0.0
0.0
0.0
0.0
0.0
0.0
0.0
0.0
0.0
0.0
0.0
0.0
0.0
0.0
0.0
0.0
0.0
0.0
0.0
0.0
0.0
0.0
0.0
0.0
0.0
0.0
0.0
0.0
0.0
0.0
0.0
0.0
0.0
0.0
0.0
0.0
0.0
0.0
0.0
0.0
0.0
0.0
0.0
0.0
0.0
0.0
0.0
0.0
0.0
0.0
0.0
0.0
0.0
0.0
0.0
0.0
0.0
0.0
0.0
0.0
0.0
0.0
0.0
0.0
0.0
0.0
0.0
0.0
0.0
0.0
0.0
0.0
0.0
0.0
0.0
0.0
0.0
0.0
0.0
0.0
0.0
0.0
0.0
0.0
0.0
0.0
0.0
0.0
0.0
0.0
0.0
0.0
0.0
0.0
0.0
0.0
0.0
0.0
0.0
0.0
0.0
0.0
0.0
0.0
0.0
0.0
0.0
0.0
0.0
0.0
0.0
0.0
0.0
0.0
0.0
0.0
0.0
0.0
0.0
0.0
0.0
0.0
0.0
0.0
0.0
0.0
0.0
0.0
0.0
0.0
0.0
0.0
0.0
0.0
0.0
0.0
0.0
0.0
0.0
0.0
0.0
0.0
0.0
0.0
0.0
0.0
0.0
0.0
0.0
0.0
0.0
0.0
0.0
0.0
0.0
0.0
0.0
0.0
0.0
0.0
0.0
0.0
0.0
0.0
0.0
0.0
0.0
0.0
0.0
0.0
0.0
0.0
0.0
0.0
0.0
0.0
0.0
0.0
0.0
0.0
0.0
0.0
0.0
0.0
0.0
0.0
0.0
0.0
0.0
0.0
0.0
0.0
0.0
0.0
0.0
0.0
0.0
0.0
0.0
0.0
0.0
0.0
0.0
0.0
0.0
0.0
0.0
0.0
0.0
0.0
0.0
0.0
0.0
0.0
0.0
0.0
0.0
0.0
0.0
0.0
0.0
0.0
0.0
0.0
0.0
0.0
0.0
0.0
0.0
0.0
0.0
0.0
0.0
0.0
0.0
0.0
0.0
0.0
0.0
0.0
0.0
0.0
0.0
0.0
0.0
0.0
0.0
0.0
0.0
0.0
0.0
0.0
0.0
0.0
0.0
0.0
0.0
0.0
0.0
0.0
0.0
0.0
0.0
0.0
0.0
0.0
0.0
0.0
0.0
0.0
0.0
0.0
0.0
0.0
0.0
0.0
0.0
0.0
0.0
0.0
0.0
0.0
0.0
0.0
0.0
0.0
0.0
0.0
0.0
0.0
0.0
0.0
0.0
0.0
0.0
0.0
0.0
0.0
0.0
0.0
0.0
0.0
0.0
0.0
0.0
0.0
0.0
0.0
0.0
0.0
0.0
0.0
0.0
0.0
0.0
0.0
0.0
0.0
0.0
0.0
0.0
0.0
0.0
0.0
0.0
0.0
0.0
0.0
0.0
0.0
0.0
0.0
0.0
0.0
0.0
0.0
0.0
0.0
0.0
0.0
0.0
0.0
0.0
0.0
0.0
0.0
0.0
0.0
0.0
0.0
0.0
0.0
0.0
0.0
0.0
0.0
0.0
0.0
0.0
0.0
0.0
0.0
0.0
0.0
0.0
0.0
0.0
0.0
0.0
0.0
0.0
0.0
0.0
0.0
0.0
0.0
0.0
0.0
0.0
0.0
0.0
0.0
0.0
0.0
0.0
0.0
0.0
0.0
0.0
0.0
0.0
0.0
0.0
0.0
0.0
0.0
0.0
0.0
0.0
0.0
0.0
0.0
0.0
0.0
0.0
0.0
0.0
0.0
0.0
0.0
0.0
0.0
0.0
0.0
0.0
0.0
0.0
0.0
0.0
0.0
0.0
0.0
0.0
0.0
0.0
0.0
0.0
0.0
0.0
0.0
0.0
0.0
0.0
0.0
0.0
0.0
0.0
0.0
0.0
0.0
0.0
0.0
0.0
0.0
0.0
0.0
0.0
0.0
0.0
0.0
0.0
0.0
0.0
0.0
0.0
0.0
0.0
0.0
0.0
0.0
0.0
0.0
0.0
0.0
0.0
0.0
0.0
0.0
0.0
0.0
0.0
0.0
0.0
0.0
0.0
0.0
0.0
0.0
0.0
0.0
0.0
0.0
0.0
0.0
0.0
0.0
0.0
0.0
0.0
0.0
0.0
0.0
0.0
0.0
0.0
0.0
0.0
0.0
0.0
0.0
0.0
0.0
0.0
0.0
0.0
0.0
0.0
0.0
0.0
0.0
0.0
0.0
0.0
0.0
0.0
0.0
0.0
0.0
0.0
0.0
0.0
0.0
0.0
0.0
0.0
0.0
0.0
0.0
0.0
0.0
0.0
0.0
0.0
0.0
0.0
0.0
0.0
0.0
0.0
0.0
0.0
0.0
0.0
0.0
0.0
0.0
0.0
0.0
0.0
0.0
0.0
0.0
0.0
0.0
0.0
0.0
0.0
0.0
0.0
0.0
0.0
0.0
0.0
0.0
0.0
0.0
0.0
0.0
0.0
0.0
0.0
0.0
0.0
0.0
0.0
0.0
0.0
0.0
0.0
0.0
0.0
0.0
0.0
0.0
0.0
0.0
0.0
0.0
0.0
0.0
0.0
0.0
0.0
0.0
0.0
0.0
0.0
0.0
0.0
0.0
0.0
0.0
0.0
0.0
0.0
0.0
0.0
0.0
0.0
0.0
0.0
0.0
0.0
0.0
0.0
0.0
0.0
0.0
0.0
0.0
0.0
0.0
0.0
0.0
0.0
0.0
0.0
0.0
0.0
0.0
0.0
0.0
0.0
0.0
0.0
0.0
0.0
0.0
0.0
0.0
0.0
0.0
0.0
0.0
0.0
0.0
0.0
0.0
0.0
0.0
0.0
0.0
0.0
0.0
0.0
0.0
0.0
0.0
0.0
0.0
0.0
0.0
0.0
0.0
0.0
0.0
0.0
0.0
0.0
0.0
0.0
0.0
0.0
0.0
0.0
0.0
0.0
0.0
0.0
0.0
0.0
0.0
0.0
0.0
0.0
0.0
0.0
0.0
0.0
0.0
0.0
0.0
0.0
0.0
0.0
0.0
0.0
0.0
0.0
0.0
0.0
0.0
0.0
0.0
0.0
0.0
0.0
0.0
0.0
0.0
0.0
0.0
0.0
0.0
0.0
0.0
0.0
0.0
0.0
0.0
0.0
0.0
0.0
0.0
0.0
0.0
0.0
0.0
0.0
0.0
0.0
0.0
0.0
0.0
0.0
0.0
0.0
0.0
0.0
0.0
0.0
0.0
0.0
0.0
0.0
0.0
0.0
0.0
0.0
0.0
0.0
0.0
0.0
0.0
0.0
0.0
0.0
0.0
0.0
0.0
0.0
0.0
0.0
0.0
0.0
0.0
0.0
0.0
0.0
0.0
0.0
0.0
0.0
0.0
0.0
0.0
0.0
0.0
0.0
0.0
0.0
0.0
0.0
0.0
0.0
0.0
0.0
0.0
0.0
0.0
0.0
0.0
0.0
0.0
0.0
0.0
0.0
0.0
0.0
0.0
0.0
0.0
0.0
0.0
0.0
0.0
0.0
0.0
0.0
0.0
0.0
0.0
0.0
0.0
0.0
0.0
0.0
0.0
0.0
0.0
0.0
0.0
0.0
0.0
0.0
0.0
0.0
0.0
0.0
0.0
0.0
0.0
0.0
0.0
0.0
0.0
0.0
0.0
0.0
0.0
0.0
0.0
0.0
0.0
0.0
0.0
0.0
0.0
0.0
0.0
0.0
0.0
0.0
0.0
0.0
0.0
0.0
0.0
0.0
0.0
0.0
0.0
0.0
0.0
0.0
0.0
0.0
0.0
0.0
0.0
0.0
0.0
0.0
0.0
0.0
0.0
0.0
0.0
0.0
0.0
0.0
0.0
0.0
0.0
0.0
0.0
0.0
0.0
0.0
0.0
0.0
0.0
0.0
0.0
0.0
0.0
0.0
0.0
0.0
0.0
0.0
0.0
0.0
0.0
0.0
0.0
0.0
0.0
0.0
0.0
0.0
0.0
0.0
0.0
0.0
0.0
0.0
0.0
0.0
0.0
0.0
0.0
0.0
0.0
0.0
0.0
0.0
0.0
0.0
0.0
0.0
0.0
0.0
0.0
0.0
0.0
0.0
0.0
0.0
0.0
0.0
0.0
0.0
0.0
0.0
0.0
0.0
0.0
0.0
0.0
0.0
0.0
0.0
0.0
0.0
0.0
0.0
0.0
0.0
0.0
0.0
0.0
0.0
0.0
0.0
0.0
0.0
0.0
0.0
0.0
0.0
0.0
0.0
0.0
0.0
0.0
0.0
0.0
0.0
0.0
0.0
0.0
0.0
0.0
0.0
0.0
0.0
0.0
0.0
0.0
0.0
0.0
0.0
0.0
0.0
0.0
0.0
0.0
0.0
0.0
0.0
0.0
0.0
0.0
0.0
0.0
0.0
0.0
0.0
0.0
0.0
0.0
0.0
0.0
0.0
0.0
0.0
0.0
0.0
0.0
0.0
0.0
0.0
0.0
0.0
0.0
0.0
0.0
0.0
0.0
0.0
0.0
0.0
0.0
0.0
0.0
0.0
0.0
0.0
0.0
0.0
0.0
0.0
0.0
0.0
0.0
0.0
0.0
0.0
0.0
0.0
0.0
0.0
0.0
0.0
