% t(s)		(h)_i (i=1,#sensors)		(hu)_i (i=1,#sensors)
   0.000E+00     4.998E+00     0.000E+00
   5.713E+00     4.997E+00   112.085E-06
  11.426E+00     4.997E+00   224.167E-06
  17.138E+00     4.997E+00   336.241E-06
  22.851E+00     4.997E+00   448.302E-06
  25.708E+00     4.997E+00   504.327E-06
  31.421E+00     4.997E+00   616.360E-06
  37.134E+00     4.997E+00   728.362E-06
  42.848E+00     4.996E+00   840.324E-06
  45.704E+00     4.996E+00   896.285E-06
  51.418E+00     4.996E+00     1.008E-03
  57.132E+00     4.995E+00     1.120E-03
  62.846E+00     4.995E+00     1.234E-03
  65.704E+00     4.994E+00     1.295E-03
  71.418E+00     4.994E+00     1.408E-03
  77.134E+00     4.993E+00     1.436E-03
  82.849E+00     4.992E+00     1.314E-03
  85.707E+00     4.992E+00     1.215E-03
  91.423E+00     4.992E+00   999.668E-06
  97.139E+00     4.991E+00   809.780E-06
 102.855E+00     4.991E+00   666.402E-06
 105.714E+00     4.991E+00   613.016E-06
 111.430E+00     4.991E+00   534.662E-06
 117.147E+00     4.990E+00   477.603E-06
 120.006E+00     4.990E+00   451.998E-06
 125.723E+00     4.990E+00   403.081E-06
 131.440E+00     4.990E+00   360.167E-06
 137.157E+00     4.990E+00   329.909E-06
 140.015E+00     4.990E+00   320.274E-06
 145.733E+00     4.990E+00   309.044E-06
 151.450E+00     4.989E+00   302.974E-06
 157.168E+00     4.989E+00   298.288E-06
 160.026E+00     4.989E+00   296.320E-06
 165.744E+00     4.989E+00   293.739E-06
 171.461E+00     4.989E+00   293.186E-06
 177.179E+00     4.989E+00   293.768E-06
 180.038E+00     4.989E+00   294.086E-06
 185.756E+00     4.989E+00   294.276E-06
 191.473E+00     4.989E+00   293.475E-06
 197.191E+00     4.988E+00   291.406E-06
 200.050E+00     4.988E+00   289.995E-06
 205.768E+00     4.988E+00   287.796E-06
 211.486E+00     4.988E+00   288.263E-06
 217.205E+00     4.988E+00   282.558E-06
 220.064E+00     4.988E+00   251.271E-06
 225.782E+00     4.988E+00    73.116E-06
 231.500E+00     4.988E+00  -188.827E-06
 237.218E+00     4.988E+00  -351.771E-06
 240.077E+00     4.988E+00  -414.282E-06
 245.795E+00     4.989E+00  -513.197E-06
 251.513E+00     4.989E+00  -512.826E-06
 257.231E+00     4.989E+00  -447.885E-06
 260.090E+00     4.989E+00  -411.388E-06
 265.808E+00     4.989E+00  -334.293E-06
 271.525E+00     4.989E+00  -265.550E-06
 277.242E+00     4.990E+00  -187.517E-06
 280.101E+00     4.990E+00  -138.246E-06
 285.818E+00     4.990E+00   -47.047E-06
 291.536E+00     4.990E+00    17.818E-06
 297.253E+00     4.990E+00    48.893E-06
 300.112E+00     4.990E+00    52.998E-06
 305.829E+00     4.990E+00    53.666E-06
 311.546E+00     4.990E+00    64.469E-06
 317.263E+00     4.990E+00    99.903E-06
 320.122E+00     4.990E+00   128.602E-06
 325.839E+00     4.990E+00   194.136E-06
 331.557E+00     4.989E+00   246.399E-06
 337.274E+00     4.989E+00   251.862E-06
 340.133E+00     4.989E+00   233.955E-06
 345.850E+00     4.989E+00   173.925E-06
 351.568E+00     4.989E+00   104.198E-06
 357.285E+00     4.989E+00    45.066E-06
 360.144E+00     4.989E+00    21.429E-06
 365.862E+00     4.989E+00   -14.473E-06
 371.579E+00     4.989E+00   -38.470E-06
 377.297E+00     4.989E+00   -51.888E-06
 380.156E+00     4.989E+00   -52.357E-06
 385.873E+00     4.989E+00   -31.687E-06
 391.591E+00     4.989E+00    15.161E-06
 397.308E+00     4.989E+00    71.766E-06
 400.167E+00     4.989E+00    96.736E-06
 405.884E+00     4.989E+00   117.338E-06
 411.602E+00     4.989E+00    56.918E-06
 417.319E+00     4.989E+00   -26.047E-06
 420.178E+00     4.989E+00   -64.180E-06
 425.896E+00     4.989E+00  -121.900E-06
 431.613E+00     4.989E+00  -137.950E-06
 437.330E+00     4.990E+00   -95.684E-06
 440.189E+00     4.990E+00   -65.425E-06
 445.906E+00     4.990E+00    -8.616E-06
 451.624E+00     4.990E+00    28.533E-06
 457.341E+00     4.990E+00    41.030E-06
 460.200E+00     4.990E+00    41.051E-06
 465.917E+00     4.990E+00    32.325E-06
 471.635E+00     4.990E+00    20.832E-06
 477.352E+00     4.990E+00     7.816E-06
 480.211E+00     4.990E+00     1.181E-06
 485.928E+00     4.990E+00   -11.545E-06
 491.645E+00     4.990E+00   -16.398E-06
 497.362E+00     4.990E+00  -246.355E-09
 500.221E+00     4.990E+00    16.622E-06
 505.938E+00     4.990E+00    57.084E-06
 511.656E+00     4.990E+00    98.027E-06
 517.373E+00     4.990E+00   110.326E-06
 520.232E+00     4.990E+00   102.353E-06
 525.949E+00     4.990E+00    76.275E-06
 531.666E+00     4.990E+00    57.841E-06
 537.384E+00     4.990E+00    47.605E-06
 540.242E+00     4.990E+00    42.620E-06
 545.960E+00     4.990E+00    29.169E-06
 551.677E+00     4.990E+00    11.122E-06
 557.394E+00     4.990E+00    -2.067E-06
 560.253E+00     4.990E+00    -3.739E-06
 565.970E+00     4.990E+00     5.927E-06
 571.688E+00     4.990E+00    24.803E-06
 577.405E+00     4.990E+00    43.731E-06
 580.264E+00     4.990E+00    50.557E-06
 585.981E+00     4.990E+00    57.335E-06
 591.698E+00     4.990E+00    56.785E-06
 597.416E+00     4.990E+00    48.666E-06
 600.274E+00     4.990E+00    41.808E-06
 605.992E+00     4.990E+00    25.975E-06
 611.709E+00     4.990E+00    14.241E-06
 617.426E+00     4.990E+00    10.426E-06
 620.285E+00     4.990E+00    11.549E-06
 626.002E+00     4.990E+00    18.227E-06
 631.720E+00     4.990E+00    28.198E-06
 637.437E+00     4.990E+00    38.031E-06
 640.296E+00     4.990E+00    41.641E-06
 646.013E+00     4.990E+00    44.155E-06
 651.730E+00     4.990E+00    39.800E-06
 657.448E+00     4.990E+00    29.994E-06
 660.306E+00     4.990E+00    24.038E-06
 666.024E+00     4.990E+00    13.077E-06
 671.741E+00     4.990E+00     7.088E-06
 677.458E+00     4.990E+00     8.677E-06
 680.317E+00     4.990E+00    12.157E-06
 686.034E+00     4.990E+00    22.452E-06
 691.752E+00     4.990E+00    33.809E-06
 697.469E+00     4.990E+00    42.874E-06
 700.328E+00     4.990E+00    46.062E-06
 706.045E+00     4.990E+00    50.116E-06
 711.762E+00     4.990E+00    51.526E-06
 717.480E+00     4.990E+00    49.527E-06
 720.338E+00     4.990E+00    47.050E-06
 726.055E+00     4.990E+00    39.895E-06
 731.773E+00     4.990E+00    31.985E-06
 737.490E+00     4.990E+00    25.722E-06
 740.349E+00     4.990E+00    23.783E-06
 746.066E+00     4.990E+00    22.916E-06
 751.783E+00     4.990E+00    25.981E-06
 757.501E+00     4.990E+00    31.852E-06
 760.359E+00     4.990E+00    35.197E-06
 766.077E+00     4.990E+00    41.184E-06
 771.794E+00     4.990E+00    44.077E-06
 777.511E+00     4.990E+00    42.582E-06
 780.370E+00     4.990E+00    40.532E-06
 786.087E+00     4.990E+00    35.395E-06
 791.805E+00     4.990E+00    30.671E-06
 797.522E+00     4.990E+00    27.839E-06
 800.381E+00     4.990E+00    27.411E-06
 806.098E+00     4.990E+00    28.679E-06
 811.815E+00     4.990E+00    32.368E-06
 817.532E+00     4.990E+00    37.213E-06
 820.391E+00     4.990E+00    39.538E-06
 826.108E+00     4.990E+00    42.776E-06
 831.826E+00     4.990E+00    42.784E-06
 837.543E+00     4.990E+00    39.530E-06
 840.402E+00     4.990E+00    37.205E-06
 846.119E+00     4.990E+00    32.502E-06
 851.836E+00     4.990E+00    28.692E-06
 857.554E+00     4.990E+00    26.349E-06
 860.412E+00     4.990E+00    25.814E-06
 866.130E+00     4.990E+00    26.082E-06
 871.847E+00     4.990E+00    27.956E-06
 877.564E+00     4.990E+00    31.058E-06
 880.423E+00     4.990E+00    32.889E-06
 886.140E+00     4.990E+00    36.598E-06
 891.857E+00     4.990E+00    39.589E-06
 897.575E+00     4.990E+00    40.932E-06
 900.433E+00     4.990E+00    40.846E-06
 906.151E+00     4.990E+00    39.283E-06
 911.868E+00     4.990E+00    36.497E-06
 917.585E+00     4.990E+00    33.510E-06
 920.444E+00     4.990E+00    32.272E-06
 926.161E+00     4.990E+00    30.819E-06
 931.879E+00     4.990E+00    31.027E-06
 937.596E+00     4.990E+00    32.679E-06
 940.455E+00     4.990E+00    33.840E-06
 946.172E+00     4.990E+00    36.261E-06
 951.889E+00     4.990E+00    38.029E-06
 957.606E+00     4.990E+00    38.344E-06
 960.465E+00     4.990E+00    37.928E-06
 966.182E+00     4.990E+00    36.236E-06
 971.900E+00     4.990E+00    34.033E-06
 977.617E+00     4.990E+00    32.194E-06
 980.476E+00     4.990E+00    31.626E-06
 986.193E+00     4.990E+00    31.429E-06
 991.910E+00     4.990E+00    32.456E-06
 997.628E+00     4.990E+00    34.325E-06
   1.000E+03     4.990E+00    35.389E-06
